26.6240668095578
26.6701201898094
26.9159163807618
26.9461794459361
26.9882170779536
27.1459161597723
27.2413168653761
27.2954241498241
27.4046298599314
27.527546216829
27.5356442987834
27.582773429623
27.5244473834065
27.5408936556797
27.5345544150444
27.5563329478026
27.6966693651625
27.852234365257
27.9018248736125
27.9214652831699
27.9031326495097
27.8602735828167
27.9734218321202
28.0451214881866
28.1439957372808
28.3329393411728
28.5449225093366
28.6068503059706
28.7633956751665
28.9301750831279
29.027881265414
29.0411669073893
29.0320400549512
29.0370455657148
29.0448756796008
29.1007664523057
29.2951239787945
29.4636293599467
29.5729759594318
29.6409888771284
29.6455564107266
29.5461856863517
29.6081187912193
29.6219435839702
29.6589825939977
29.7831642572086
29.9308725291874
29.9611422279382
30.056450826494
30.1708465417884
30.2277358217173
30.2746896893666
30.3431971821172
30.4000686880081
30.5010269413372
30.5975064583782
30.8560768902419
31.0671703474195
31.2259856652054
31.3463474979062
31.4153480634719
31.393384737474
31.5288769607574
31.6137752082679
31.7336423421392
31.9289245063538
32.1595059779739
32.2512324059427
32.4101474379177
32.5729713054044
32.6967761966841
32.7944087494121
32.922916985557
33.0492430699908
33.1748049833533
33.3320536686296
33.6431257698351
33.9156054352569
34.1448744643779
34.3154372697079
34.5384868617323
34.5765470553607
34.7847018343543
34.9396318673658
35.17154733505
35.4465519872029
35.8112240203879
35.987630171626
36.231956725736
36.4934346096013
36.7234320290967
36.864199911932
37.0351950180005
37.238416081931
37.4161128509714
37.6976054242359
38.0556398330562
38.4456051226216
38.742837743102
39.0198093962344
39.2178040606388
39.3521021413133
39.6732378038215
39.9320952660388
40.4052667886716
40.8034426387929
41.2702383163335
41.5549982838306
41.8949308762854
42.3163960987151
42.7254737869744
43.0259353670739
43.2651554030525
43.6784295718106
44.0968309902291
44.5540237249734
45.1329385648704
45.6339259772471
46.0372446174792
46.4931931813111
46.7513307125126
47.1524277582272
47.8418211751289
48.2755788066699
48.5075163286929
49.1768282783121
49.5847540806188
50.0058771218662
50.4313552343549
50.9626690050232
51.6387757047019
52.1286473817846
52.6423064466125
53.2632913870591
53.6696395642653
54.1349633843038
54.7809389235523
55.4684743950621
56.3534157374754
56.8328140502334
57.5546176509654
58.0438700152671
58.4477438592158
58.6456794052168
59.2587730554573
60.0437974581442
60.6323593661399
61.2704498134569
61.9402149648975
62.8740007058258
63.5869645345723
64.0515898454049
64.4976041102197
65.4079676948066
65.8551667916374
66.6333482543161
67.6249923163525
69.1213695473949
69.2450984854364
69.9718787634301
70.6142056901337
71.4378573170568
72.4783079373523
73.9371616610221
73.5267333335337
74.1151936572952
75.6520673407118
76.8792294058646
77.0490803024616
76.277500514105
78.5111374862558
77.7348437234174
79.3676786297843
81.5646790921752
82.6385360382395
83.719636509949
83.9972601101205
87.0591688980064
88.5002563875942
90.8034926611035
90.8156039782506
90.7067193819802
90.9395617624772
92.7973706493713
95.6046046273415
97.800122967456
100.650632361012
103.403920290349
103.910856104965
105.978995830967
108.533391064856
111.459459082681
113.142995567007
116.519743594512
119.879623632253
119.626213763843
123.029610953833
128.560645405723
133.106058951022
135.541232035684
140.932620757582
145.0813251549
147.817985117501
150.261184523527
153.654280945707
159.652789574996
165.241220466999
170.638966469275
174.992447329232
181.846774746906
187.0760275898
191.059399080738
196.824988806856
203.826382142802
211.227212690348
217.698218337039
222.548221794143
226.760563158916
233.506875107585
240.978643634527
253.15206391506
254.033876362914
258.773023354092
266.735626208205
266.992017303973
267.242335287725
271.716705117715
275.483316293369
278.176729262967
283.174098451907
282.831072999732
277.368236923171
276.681453219773
276.763273975122
280.637360868967
281.401038103762
286.452234238946
288.107925240536
294.101427673615
302.050208221739
301.873969172613
300.34220718835
300.347088280997
298.912688399351
297.645907512752
306.113482648982
312.682050764991
310.462329477132
308.063828430917
307.359774961038
307.490232419826
307.830693569597
306.850447909399
315.881371764874
324.983506941705
328.780775833938
332.229207744751
332.87694028582
335.675491557752
331.815181027832
336.721400806008
341.413877627632
344.406480053102
345.911382430485
347.065250727853
347.330940424364
348.701749150791
351.7511469705
353.300352133602
354.4164919853
346.946373138905
354.753124858556
360.682290885383
363.489901328911
366.203725751652
368.918974493578
371.694443527272
374.469354230643
377.243706603689
380.01750064641
382.790736358808
384.846855408524
386.904383800781
388.963321535576
391.023668612913
393.08542503279
394.940360703772
396.797395745857
398.656530159042
400.517763943329
402.381097098718
403.836598120777
405.295011905421
406.756338452649
408.220577762462
409.68772983486
411.680333773118
413.675923405531
415.6744987321
417.676059752824
419.680606467703
422.309234398946
424.939541217613
427.571526923704
430.205191517218
432.840534998155
435.411065404335
437.984332964353
440.560337678207
443.139079545898
445.720558567426
448.070445312679
450.422992720377
452.778200790518
455.136069523105
457.496598918136
459.63787350622
461.781767281288
463.928280243339
466.077412392375
468.229163728395
470.594509226375
472.961652095478
475.330592335703
477.70132994705
480.073864929519
482.25837638982
484.44429140611
486.631609978389
488.820332106656
491.010457790913
493.124727576216
495.23899736152
497.353267146823
499.467536932127
501.581806717431
503.798651020016
506.015495322602
508.232339625188
510.449183927774
512.66602823036
514.941424986822
517.216821743284
519.492218499746
521.767615256208
524.043012012669
526.310884751233
528.578757489794
530.846630228358
533.11450296692
535.382375705481
534.845056754593
534.495737859483
534.253807888394
534.070380562137
533.921503558628
533.794633923643
533.682692054833
533.581361356876
533.487812433705
533.400071273143
533.316689028998
533.236559034464
533.158809180063
533.082734929162
533.007755466583
532.933383737427
532.859205250386
532.784862659567
532.710044301738
532.634475527395
532.55791205738
532.480134840664
532.40094604565
532.320165921491
532.237630336832
532.153188852979
532.066703223596
531.978046238415
531.887100847029
531.793759512497
531.697923754727
531.599503851263
531.498418668887
531.394595603818
531.287970611619
531.178488310446
531.06610214315
530.950774585223
530.832477386643
530.711191836498
530.586909039911
530.459630197278
530.329366876242
530.196141267195
530.05998641345
529.920946407603
529.779076546014
529.634443433831
529.487125033498
529.337210650404
529.184800850011
529.030007301685
528.872952545404
528.713769678559
528.552601961183
528.389602339166
528.22493288625
528.058764166934
527.891274523606
527.722649292633
527.553079955267
527.382763230395
527.21190011726
527.040694897138
526.869354103759
526.698085472872
526.527096881714
526.356595289418
526.18678568936
526.017870084285
525.850046494632
525.683508009936
525.518441892419
525.355028740997
525.193441722906
525.033845879041
524.87639750789
524.721243631748
524.568521547604
524.418358463908
524.270871223189
524.126166109424
523.984338737912
523.8454740246
523.709646230836
523.576919078894
523.447345932997
523.320970040136
523.19782482459
523.077934229905
522.961313101968
522.847967606806
522.737895676886
522.631087479836
522.527525903811
522.427187054026
522.330040755345
522.236051056234
522.145176729799
522.057371768095
521.972585866291
521.890764893789
521.811851349762
521.735784801043
521.662502300646
521.591938785628
521.524027453278
521.458700115015
521.395887527558
521.335519701314
521.27752618601
521.221836333947
521.168379541265
521.117085467879
521.067884236788
521.02070661357
520.975484166965
520.932149411476
520.890635932983
520.850878498356
520.81281315009
520.776377286974
520.741509731772
520.708150786914
520.676242279137
520.645727593996
520.616551701117
520.588661171058
520.56200418455
520.536530534895
520.512191624219
520.488940454266
520.466731612335
520.445521252964
520.425267075881
520.405928300732
520.387465639031
520.369841263774
520.353018777074
520.336963176197
520.321640818284
520.307019384078
520.293067840898
520.279756405094
520.267056504198
520.254940738947
520.24338284536
520.23235765699
520.221841067498
520.21180999365
520.202242338835
520.193116957189
520.184413618391
520.176112973193
520.168196519723
520.160646570621
520.153446221016
520.146579317383
520.140030427288
520.133784810038
520.12782838825
520.122147720312
520.116729973775
520.11156289963
520.106634807494
520.101934541669
520.097451458074
520.093175402034
520.089096686899
520.085206073487
520.081494750322
520.07795431465
520.074576754217
520.071354429774
520.068280058303
520.065346696931
520.062547727513
520.059876841865
520.057328027618
520.05489555468
520.052573962276
520.05035804655
520.04824284871
520.046223643688
520.044295929301
520.04245541589
520.04069801643
520.039019837068
520.037417168096
520.035886475328
520.034424391867
520.033027710248
520.031693374941
520.030418475187
520.029200238178
520.028036022541
520.026923312124
520.025859710074
520.02484293318
520.023870806496
520.022941258195
520.022052314678
520.021202095905
520.020388810947
520.019610753746
520.018866299077
520.018153898695
520.017472077669
520.016819430886
520.016194619723
520.015596368876
520.015023463335
520.014474745508
520.013949112482
520.013445513409
520.012962947023
520.012500459267
520.012057141041
520.011632126056
520.011224588787
520.010833742525
520.010458837522
520.010099159231
520.009754026621
520.009422790572
520.009104832362
520.008799562206
520.008506417882
520.008224863409
520.007954387803
520.007694503879
520.007444747117
520.007204674585
520.006973863907
520.006751912288
520.006538435577
520.006333067384
520.006135458234
520.005945274762
520.005762198948
520.005585927389
520.005416170607
520.005252652384
520.005095109135
520.004943289316
520.004796952843
520.004655870556
520.004519823708
520.004388603462
520.004262010429
520.004139854225
520.004021953042
520.003908133245
520.003798228994
520.003692081866
520.003589540518
520.003490460349
520.003394703186
520.003302136982
520.003212635531
520.003126078196
520.003042349647
520.002961339613
520.00288294265
520.002807057919
520.002733588963
520.002662443511
520.002593533286
520.002526773814
520.002462084253
520.002399387223
520.002338608653
520.002279677619
520.002222526208
520.002167089376
520.002113304819
520.002061112848
520.002010456267
520.001961280263
520.001913532299
520.001867162006
520.001822121089
520.001778363231
520.001735844008
520.0016945208
520.001654352713
520.001615300499
520.001577326484
520.001540394501
520.001504469817
520.001469519075
520.001435510232
520.001402412498
520.001370196285
520.001338833153
520.00130829576
520.001278557812
520.001249594022
520.00122138006
520.001193892521
520.001167108877
520.001141007441
520.001115567334
520.001090768449
520.001066591418
520.001043017581
520.001020028956
520.000997608211
520.000975738636
520.000954404119
520.000933589116
520.000913278638
520.000893458216
520.000874113886
520.000855232169
520.00083680005
520.000818804957
520.000801234748
520.000784077689
520.00076732244
520.00075095804
520.00073497389
520.00071935974
520.000704105675
520.000689202104
520.000674639741
520.000660409603
520.000646502989
520.000632911475
520.000619626902
520.000606641367
520.000593947207
520.000581537001
520.000569403551
520.000557539883
520.000545939226
520.00053459502
520.000523500896
520.000512650675
520.000502038359
520.000491658127
520.000481504325
520.000471571465
520.000461854214
520.000452347392
520.000443045964
520.000433945041
520.000425039866
520.000416325816
520.000407798397
520.000399453235
520.000391286081
520.000383292794
520.000375469351
520.000367811834
520.000360316428
520.000352979423
520.000345797202
520.000338766247
520.00033188313
520.00032514451
520.000318547135
520.000312087834
520.000305763519
520.000299571178
520.000293507876
520.000287570753
520.000281757017
520.000276063949
520.000270488894
520.000265029266
520.000259682539
520.00025444625
520.000249317994
520.000244295428
520.00023937626
520.000234558258
520.00022983924
520.000225217076
520.000220689688
520.000216255045
520.000211911165
520.000207656111
520.000203487991
520.000199404959
520.000195405209
520.000191486979
520.000187648543
520.000183888221
520.000180204365
520.000176595367
520.000173059656
520.000169595696
520.000166201984
520.000162877052
520.000159619466
520.000156427819
520.000153300742
520.000150236891
520.000147234954
0
0
0
0
0
0
0
0
0
0
0
0
0
0
0
0
0
0
0
0
0
0
0
0
0
0
0
0
0
0
0
0
0
0
0
0
0
0
0
0
0
0
0
0
0
0
0
0
0
0
0
0
0
0
0
0
0
0
0
0
0
0
0
0
0
0
0
0
0
0
0
0
0
0
0
0
0
0
0
0
0
0
0
0
0
0
0
0
0
0
0
0
0
0
0
0
0
0
0
0
0
0
0
0
0
0
0
0
0
0
0
0
0
0
0
0
0
0
0
0
0
0
0
0
0
0
0
0
0
0
0
0
0
0
0
0
0
0
0
0
0
0
0
0
0
0
0
0
0
0
0
0
0
0
0
0
0
0
0
0
0
0
0
0
0
0
0
0
0
0
0
0
0
0
0
0
0
0
0
0
0
0
0
0
0
0
0
0
0
0
0
0
0
0
0
0
0
0
0
0
0
0
0
0
0
0
0
0
0
0
0
0
0
0
0
0
0
0
0
0
0
0
0
0
0
0
0
0
0
0
0
0
0
0
0
0
0
0
0
0
0
0
0
0
0
0
0
0
0
0
0
0
0
0
0
0
0
0
0
0
0
0
0
0
0
0
0
0
0
0
0
0
0
0
0
0
0
0
0
0
0
0
0
0
0
0
0
0
0
0
0
0
0
0
0
0
0
0
0
0
0
0
0
0
0
0
0
0
0
0
0
0
0
0
0
0
0
0
0
0
0
0
0
0
0
0
0
0
0
0
0
0
0
0
0
0
0
0
0
0
0
0
0
0
0
0
0
0
0
0
0
0
0
0
0
0
0
0
0
0
0
0
0
0
0
0
0
0
0
0
0
0
0
0
0
0
0
0
0
0
0
0
0
0
0
0
0
0
0
0
0
0
0
0
0
0
0
0
0
0
0
0
0
0
0
0
0
0
0
0
0
0
0
0
0
0
0
0
0
0
0
0
0
0
0
0
0
0
0
0
0
0
0
0
0
0
0
0
0
0
0
0
0
0
0
0
0
0
0
0
0
0
0
0
0
0
0
0
0
0
0
0
0
0
0
0
0
0
0
0
0
0
0
0
0
0
0
0
0
0
0
0
0
0
0
0
0
0
0
0
0
0
0
0
0
0
0
0
0
0
0
0
0
0
0
0
0
0
0
0
0
0
0
0
0
0
0
0
0
0
0
0
0
0
0
0
0
0
0
0
0
0
0
0
0
0
0
0
0
0
0
0
0
0
0
0
0
0
0
0
0
0
0
0
0
0
0
0
0
0
0
0
0
0
0
0
0
0
0
0
0
0
0
0
0
0
0
0
0
0
0
0
0
0
0
0
0
0
0
0
0
0
0
0
0
0
0
0
0
0
0
0
0
0
0
0
0
0
0
0
0
0
0
0
0
0
0
0
0
0
0
0
0
0
0
0
0
0
0
0
0
0
0
0
0
0
0
0
0
0
0
0
0
0
0
0
0
0
0
0
0
0
0
0
0
0
0
0
0
0
0
0
0
0
0
0
0
0
0
0
0
0
0
0
0
0
0
0
0
0
0
0
0
0
0
0
0
0
0
0
0
0
0
0
0
0
0
0
0
0
0
0
0
0
0
0
0
0
0
0
0
0
0
0
0
0
0
0
0
0
0
0
0
0
0
0
0
0
0
0
0
0
0
0
0
0
0
0
0
0
0
0
0
0
0
0
0
0
0
0
0
