2.38215956699208
2.38215956699208
2.38309301509827
2.38309301509827
2.38402646320447
2.38495991131065
2.54924677799976
2.55018022610595
2.55111367421214
2.55204712231832
2.55204712231832
2.79567707803343
2.79661052613961
2.7975439742458
2.79847742235198
2.79941087045817
3.12331736330545
3.12425081141164
3.12518425951783
3.12611770762402
3.12705115573021
3.46775971448887
3.46869316259505
3.46962661070125
3.47056005880743
3.47149350691362
3.83087102779604
3.83180447590223
3.83273792400842
3.83367137211461
3.85486564355743
4.30968050779087
4.31113583380498
4.31352437684471
4.31392613920712
4.31809392070986
4.90067943481922
4.90289165829481
4.90399496860778
4.90550580584469
4.90824362474525
5.48108470672916
5.59506230079295
5.60189351638006
5.59314250259324
5.59677644799105
5.86358186378599
6.15589419506919
6.41186945764968
6.7539371414502
7.18810882959073
7.1940942188524
9.25674322770839
8.13235133399095
8.80477267515764
8.61148555733352
9.05421969502582
9.39207669680932
9.0881331949336
9.09397820001507
9.67460875426634
10.2511063112356
10.609698535246
10.6677416156556
10.9117368929128
11.2440479418005
12.1769378978005
12.5620434120643
12.6240248797373
12.7214895193967
12.9126750734894
13.1248147281585
13.6575595008356
14.4661113087496
15.0603133179656
15.5650326641244
15.7463106043655
16.8975341355537
17.085868347207
17.1137583681111
22.6346982614251
21.6036134821194
21.9298869270942
22.4236955780801
22.9606472091788
23.4618711342799
27.3026439998134
27.3630602185656
28.3434158792782
29.4155658345493
31.0812689603083
32.2001849607573
33.9691450591024
35.1038165505795
37.3850203843626
40.778170657529
41.6785629441926
45.4939287588391
46.2441142228035
48.6862832275653
52.1177956061102
52.6814662218129
55.1781673498522
58.0095077279168
67.6389331138426
68.732831077689
73.2704347172257
74.1268521479962
75.6824650748851
80.1496146373365
87.6878413286704
92.3411240623242
94.3992954072029
100.639226380384
108.251066205864
115.000764549985
118.690248621269
127.044937176851
130.659010225853
138.603810666016
141.925440990613
151.550272884136
168.110867188331
178.901800272696
174.085669876899
183.294545636274
187.072330337328
191.395626077772
193.945483100659
208.257087095948
235.700969654102
241.477492029804
255.002555148795
270.826027084347
274.577702804721
277.72814474696
283.176339214558
297.922693553696
328.952863974441
329.127180681503
357.149726924471
373.841645362412
377.78336664304
375.247999481977
388.566267069978
411.875488716899
424.963519026184
444.298991600855
467.923883404757
508.862491011413
536.009966433485
555.429117957954
570.666467346256
620.367327148477
629.008684284202
669.21167996537
712.475385137608
791.515850143959
767.309081379193
796.971293212774
836.555682581955
852.281170671483
894.225365531425
965.186357845493
878.314055689791
865.278073251384
928.72426185877
961.25435692186
945.569063563399
825.469003192685
946.09640915124
832.692095611037
880.534061060513
986.046224767035
992.574517575269
1010.08050751072
1009.81962525106
1095.6222160247
1098.83656351907
1180.4950318148
1086.97024361968
980.203309275975
887.464486251779
929.674901056703
1007.2799171609
1057.60023613021
1156.88976591224
1234.6434939636
1163.95481136904
1227.19175386603
1354.94122409551
1390.062509233
1394.20981792547
1441.21098755732
1427.60625434208
1205.94800381016
1272.90692199185
1410.92050890024
1491.75632390807
1466.30508219597
1592.37176089363
1712.31613983329
1750.04087315491
1794.7041834302
1842.47526241964
2010.25468640982
2140.70133252582
2214.83119412639
2303.78029714391
2414.43700666007
2578.64924186661
2595.63793868222
2697.58359013022
2851.14057143202
3001.51264338086
3141.67441558103
3293.3065381611
3406.32242382834
3607.92162033487
3811.98228047248
4102.74154380858
4261.6942744753
4453.73671337166
4708.56754810722
4692.48823868831
4684.14466879471
4928.32584341881
5086.47869200309
5246.2742656907
5390.92205134778
5338.85182721666
5262.32300730966
5233.05983088354
5267.93568908152
5438.40795103079
5521.11827053177
5622.82657299937
5803.93545729102
5992.72819156075
6089.95576927204
6254.76544246423
6277.99552655351
6240.10519106845
6272.26621865695
6319.68225371345
6467.36166598092
6600.91592047236
6717.22960120832
6760.27032531263
6821.31626158124
7024.20536258905
7095.17174919266
7226.90345763458
7574.57773733903
7939.80474633664
8210.70019111186
8498.30188413705
8820.98149126841
8884.54844636849
8688.95525698896
9215.059000029
9482.18646812902
9591.18936471497
9769.11390277683
9845.11511574131
9821.96146895073
9834.68431053495
9998.01155927112
10181.8840498293
10202.6179159991
9741.43659890665
10314.5034996681
10387.4447513252
10557.8773744944
10642.4484134689
10728.1134637208
10517.7167290482
10306.6543419554
10094.9263024423
9882.53261050889
9669.47326615528
8980.48297903759
8288.17410872167
7592.54665520754
6893.60061849518
6191.3359985846
5635.19325496529
5074.49485125207
4509.24078744494
3939.43106354389
3365.06567954893
2996.62891376734
2627.51125518887
2257.71270381349
1887.23325964123
1516.07292267206
1325.70420799106
1134.94273024761
943.788489441714
752.241485573369
560.301718642577
487.227548728879
414.153378815181
341.079208901482
268.005038987784
194.930869074086
138.587423791824
82.2439785095616
25.9005332272994
-30.4429120549626
-86.7863573372248
-99.1553418733548
-111.524326409485
-123.893310945615
-136.262295481745
-148.631280017875
-161.000264554005
-173.369249090135
-185.738233626265
-198.107218162395
-210.476202698525
-218.157301524355
-225.838400350187
-233.519499176017
-241.200598001848
-248.881696827679
-256.56279565351
-264.243894479341
-271.924993305172
-279.606092131003
-287.287190956834
-285.304227389222
-283.321263821611
-281.338300254
-279.355336686389
-277.372373118778
-275.389409551167
-273.406445983556
-271.423482415945
-269.440518848334
-267.457555280723
-269.697997850093
-271.938440419463
-274.178882988834
-276.419325558204
-278.659768127574
-280.900210696944
-283.140653266315
-285.381095835685
-287.621538405055
-289.861980974426
-289.224519878939
-314.11380946583
-337.881289442854
-360.618827358676
-382.41829076196
-403.371547201369
-423.570464225569
-443.106909383224
-462.072750222997
-480.559854293554
-498.660089143558
-516.465322321675
-534.067421376567
-551.558253856899
-569.029687311336
-586.573589288541
-604.28182733718
-622.246269005916
-640.558781843414
-659.311233398338
-678.595491219352
-698.062349579963
-717.529207940575
-736.996066301186
-756.462924661798
-775.929783022409
-795.39664138302
-814.863499743632
-834.330358104243
-853.797216464854
-873.264074825466
-892.730933186077
-912.197791546689
-931.6646499073
-951.131508267911
-970.598366628523
-990.065224989134
-1009.53208334975
-1028.99894171036
-1048.46580007097
-1067.93265843158
-1087.39951679219
-1106.8663751528
-1126.33323351341
-1145.80009187403
-1165.26695023464
-1184.73380859525
-1204.20066695586
-1223.66752531647
-1216.39395583617
-1209.12038635588
-1201.84681687558
-1194.57324739528
-1187.29967791498
-1180.02610843468
-1172.75253895439
-1165.47896947409
-1158.20539999379
-1150.93183051349
-1143.6582610332
-1136.3846915529
-1129.1111220726
-1121.8375525923
-1114.563983112
-1107.29041363171
-1100.01684415141
-1092.74327467111
-1085.46970519081
-1078.19613571052
-1070.92256623022
-1063.64899674992
-1056.37542726962
-1049.10185778932
-1041.82828830903
-1034.55471882873
-1027.28114934843
-1020.00757986813
-1012.73401038784
-1005.46044090754
-998.186871427241
-994.253354740335
-990.472137691934
-986.848564129005
-983.387977898511
-980.095722847419
-976.977142822693
-974.037581671298
-971.2823832402
-968.716891376363
-966.346449926754
-964.176402738336
-962.212093658075
-960.458866532937
-958.922065209885
-957.607033535886
-956.519115357904
-955.663654522905
-955.045994877854
-954.671480269715
-954.545454545455
-954.545454545455
-954.545454545455
-954.545454545455
-954.545454545455
-954.545454545455
-954.545454545455
-954.545454545455
-954.545454545455
-954.545454545455
-954.545454545455
-954.545454545455
-954.545454545455
-954.545454545455
-954.545454545455
-954.545454545455
-954.545454545455
-954.545454545455
-954.545454545455
-954.545454545455
-954.545454545455
-954.545454545455
-954.545454545455
-954.545454545455
-954.545454545455
-954.545454545455
-954.545454545455
-954.545454545455
-954.545454545455
-954.545454545455
-954.545454545455
-954.545454545455
-954.545454545455
-954.545454545455
-954.545454545455
-954.545454545455
-954.545454545455
-954.545454545455
-954.545454545455
-954.545454545455
-954.545454545455
-954.545454545455
-954.545454545455
-954.545454545455
-954.545454545455
-954.545454545455
-954.545454545455
-954.545454545455
-954.545454545455
-954.545454545455
-954.545454545455
-954.545454545455
-954.545454545455
-954.545454545455
-954.545454545455
-954.545454545455
-954.545454545455
-954.545454545455
-954.545454545455
-954.545454545455
-954.545454545455
-954.545454545455
-954.545454545455
-954.545454545455
-954.545454545455
-954.545454545455
-954.545454545455
-954.545454545455
-954.545454545455
-954.545454545455
-954.545454545455
-954.545454545455
-954.545454545455
-954.545454545455
-954.545454545455
-954.545454545455
-954.545454545455
-954.545454545455
-954.545454545455
-954.545454545455
-954.545454545455
-954.545454545455
-954.545454545455
-954.545454545455
-954.545454545455
-954.545454545455
-954.545454545455
-954.545454545455
-954.545454545455
-954.545454545455
-954.545454545455
-954.545454545455
-954.545454545455
-954.545454545455
-954.545454545455
-954.545454545455
-954.545454545455
-954.545454545455
-954.545454545455
-954.545454545455
-954.545454545455
-954.545454545455
-954.545454545455
-954.545454545455
-954.545454545455
-954.545454545455
-954.545454545455
-954.545454545455
-954.545454545455
-954.545454545455
-954.545454545455
-954.545454545455
-954.545454545455
-954.545454545455
-954.545454545455
-954.545454545455
-954.545454545455
-954.545454545455
-954.545454545455
-954.545454545455
-954.545454545455
-954.545454545455
-954.545454545455
-954.545454545455
-954.545454545455
-954.545454545455
-954.545454545455
-954.545454545455
-954.545454545455
-954.545454545455
-954.545454545455
-954.545454545455
-954.545454545455
-954.545454545455
-954.545454545455
-954.545454545455
-954.545454545455
-954.545454545455
-954.545454545455
-954.545454545455
-954.545454545455
-954.545454545455
-954.545454545455
-954.545454545455
-954.545454545455
-954.545454545455
-954.545454545455
-954.545454545455
-954.545454545455
-954.545454545455
-954.545454545455
-954.545454545455
-954.545454545455
-954.545454545455
-954.545454545455
-954.545454545455
-954.545454545455
-954.545454545455
-954.545454545455
-954.545454545455
-954.545454545455
-954.545454545455
-954.545454545455
-954.545454545455
-954.545454545455
-954.545454545455
-954.545454545455
-954.545454545455
-954.545454545455
-954.545454545455
-954.545454545455
-954.545454545455
-954.545454545455
-954.545454545455
-954.545454545455
-954.545454545455
-954.545454545455
-954.545454545455
-954.545454545455
-954.545454545455
-954.545454545455
-954.545454545455
-954.545454545455
-954.545454545455
-954.545454545455
-954.545454545455
-954.545454545455
-954.545454545455
-954.545454545455
-954.545454545455
-954.545454545455
-954.545454545455
-954.545454545455
-954.545454545455
-954.545454545455
-954.545454545455
-954.545454545455
-954.545454545455
-954.545454545455
-954.545454545455
-954.545454545455
-954.545454545455
-954.545454545455
-954.545454545455
-954.545454545455
-954.545454545455
-954.545454545455
-954.545454545455
-954.545454545455
-954.545454545455
-954.545454545455
-954.545454545455
-954.545454545455
-954.545454545455
-954.545454545455
-954.545454545455
-954.545454545455
-954.545454545455
-954.545454545455
-954.545454545455
-954.545454545455
-954.545454545455
-954.545454545455
-954.545454545455
-954.545454545455
-954.545454545455
-954.545454545455
-954.545454545455
-954.545454545455
-954.545454545455
-954.545454545455
-954.545454545455
-954.545454545455
-954.545454545455
-954.545454545455
-954.545454545455
-954.545454545455
-954.545454545455
-954.545454545455
-954.545454545455
-954.545454545455
-954.545454545455
-954.545454545455
-954.545454545455
-954.545454545455
-954.545454545455
-954.545454545455
-954.545454545455
-954.545454545455
-954.545454545455
-954.545454545455
-951.321962012811
-942.002007399962
-927.111375184528
-907.175849844128
-882.721215856384
-854.273257698917
-822.357759849347
-787.500506785294
-750.227282984379
-711.063872924223
-670.536061082446
-629.169631936669
-587.490369964513
-546.024059643597
-505.296485451543
-465.833431865972
-428.160683364502
-392.804024424757
-360.289239524355
-331.142113140918
-305.888429752066
-285.495867768595
-265.103305785124
-244.710743801653
-224.318181818182
-203.925619834711
-183.53305785124
-163.140495867769
-142.747933884298
-122.355371900826
-111.327157615112
-100.725938606848
-90.5666971664699
-80.8644155844155
-71.6340761511215
-62.8906611570247
-54.6491528925619
-46.92453364817
-39.7317857142857
-33.0858913813459
-27.0018329397874
-21.4945926800472
-16.579152892562
-12.2704958677686
-8.58360389610386
-5.53345926800471
-3.13504427390791
-1.40334120425028
-0.353332349468718
0
