3
3
3
3
3
3
4
4
4
4
4
4
4
4
4
4
5
5
5
5
5
5
5
5
5
5
6
6
6
6
6
6
7
7
7
8
8
10
9
9
9
10
10
10
10
10
11
11
11
11
12
13
14
14
14
14
14
15
16
16
17
17
18
18
18
24
23
23
24
24
25
29
29
30
31
33
34
36
37
39
43
43
46
47
50
54
54
57
59
69
71
76
77
78
83
91
95
97
104
112
119
122
130
135
142
147
156
173
184
174
188
191
194
196
210
236
243
256
272
275
277
281
295
327
327
356
372
374
370
383
406
419
440
465
507
534
552
566
617
624
663
707
784
750
785
819
836
879
943
850
838
901
955
936
806
932
803
845
970
963
975
983
1062
1065
1145
1053
940
847
893
973
1027
1130
1209
1142
1192
1299
1334
1342
1391
1383
1160
1238
1392
1469
1419
1630
1767
1795
1841
1865
2043
2177
2270
2330
2462
2577
2594
2700
2847
3008
3145
3305
3411
3589
3801
4076
4231
4399
4635
4644
4615
4884
5035
5107
5403
5348
5186
5144
5126
5308
5464
5629
5762
5992
6106
6196
6312
6187
6203
6344
6487
6649
6840
6788
6804
6958 
7007
7163
7542
7803
8072
8344
8591
8741
8594
9087
9404
9533
9621
9672
9656
9653
9811
10018
10115
9589
10055
10235
10389
10527 
12270
12522
12774
13026
13278
13530
13678
13826
13974
14122
14270
14418
14566
14714
14862
15010
15158
15306
15454
15602
15750
15898
16046
16194
16342
16490
16690
16890
17090
17290
17490
17690
17890
18090
18290
18490
18690
18890
19090
19290
19490
19690
19890
20090
20290
20490
20738
20986
21234
21482
21730
21978
22226
22474
22722
22970
23267
23564
23861
24158
24455
24752
25049
25346
25643
25940
26237
26534
26831
27128
27425
27722
28019
28316
28613
28910

