2.38215956699208
2.38215956699208
2.38309301509827
2.38309301509827
2.38402646320447
2.38495991131065
2.54924677799976
2.55018022610595
2.55111367421214
2.55204712231832
2.55204712231832
2.79567707803343
2.79661052613961
2.7975439742458
2.79847742235198
2.79941087045817
3.12331736330545
3.12425081141164
3.12518425951783
3.12611770762402
3.12705115573021
3.46775971448887
3.46869316259505
3.46962661070125
3.47056005880743
3.47149350691362
3.83087102779604
3.83180447590223
3.83273792400842
3.83367137211461
3.85486564355743
4.30968050779087
4.31113583380498
4.31352437684471
4.31392613920712
4.31809392070986
4.90067943481922
4.90289165829481
4.90399496860778
4.90550580584469
4.90824362474525
5.48108470672916
5.59506230079295
5.60189351638006
5.59314250259324
5.59677644799105
5.86358186378599
6.15589419506919
6.41186945764968
6.7539371414502
7.18810882959073
7.1940942188524
9.25674322770839
8.13235133399095
8.80477267515764
8.61148555733352
9.05421969502582
9.39207669680932
9.0881331949336
9.09397820001507
9.67460875426634
10.2511063112356
10.609698535246
10.6677416156556
10.9117368929128
11.2440479418005
12.1769378978005
12.5620434120643
12.6240248797373
12.7214895193967
12.9126750734894
13.1248147281585
13.6575595008356
14.4661113087496
15.0603133179656
15.5650326641244
15.7463106043655
16.8975341355537
17.085868347207
17.1137583681111
22.6346982614251
21.6036134821194
21.9298869270942
22.4236955780801
22.9606472091788
23.4618711342799
27.3026439998134
27.3630602185656
28.3434158792782
29.4155658345493
31.0812689603083
32.2001849607573
33.9691450591024
35.1038165505795
37.3850203843626
40.778170657529
41.6785629441926
45.4939287588391
46.2441142228035
48.6862832275653
52.1177956061102
52.6814662218129
55.1781673498522
58.0095077279168
67.6389331138426
68.732831077689
73.2704347172257
74.1268521479962
75.6824650748851
80.1496146373365
87.6878413286704
92.3411240623242
94.3992954072029
100.639226380384
108.251066205864
115.000764549985
118.690248621269
127.044937176851
130.659010225853
138.603810666016
141.925440990613
151.550272884136
168.110867188331
178.901800272696
174.085669876899
183.294545636274
187.072330337328
191.395626077772
193.945483100659
208.257087095948
235.700969654102
241.477492029804
255.002555148795
270.826027084347
274.577702804721
277.72814474696
283.176339214558
297.922693553696
328.952863974441
329.127180681503
357.149726924471
373.841645362412
377.78336664304
375.247999481977
388.566267069978
411.875488716899
424.963519026184
444.298991600855
467.923883404757
508.862491011413
536.009966433485
555.429117957954
570.666467346256
620.367327148477
629.008684284202
669.21167996537
712.475385137608
791.515850143959
767.309081379193
796.971293212774
836.555682581955
852.281170671483
894.225365531425
965.186357845493
878.314055689791
865.278073251384
928.72426185877
961.25435692186
945.569063563399
825.469003192685
946.09640915124
832.692095611037
880.534061060513
986.046224767035
992.574517575269
1010.08050751072
1009.81962525106
1095.6222160247
1098.83656351907
1180.4950318148
1086.97024361968
980.203309275975
887.464486251779
929.674901056703
1007.2799171609
1057.60023613021
1156.88976591224
1234.6434939636
1163.95481136904
1227.19175386603
1354.94122409551
1390.062509233
1394.20981792547
1441.21098755732
1427.60625434208
1205.94800381016
1272.90692199185
1410.92050890024
1491.75632390807
1466.30508219597
1592.37176089363
1712.31613983329
1750.04087315491
1794.7041834302
1842.47526241964
2010.25468640982
2140.70133252582
2214.83119412639
2303.78029714391
2414.43700666007
2578.64924186661
2595.63793868222
2697.58359013022
2851.14057143202
3001.51264338086
3141.67441558103
3293.3065381611
3406.32242382834
3607.92162033487
3811.98228047248
4102.74154380858
4261.6942744753
4453.73671337166
4708.56754810722
4692.48823868831
4684.14466879471
4928.32584341881
5086.47869200309
5246.2742656907
5390.92205134778
5338.85182721666
5262.32300730966
5233.05983088354
5267.93568908152
5438.40795103079
5521.11827053177
5622.82657299937
5803.93545729102
5992.72819156075
6089.95576927204
6254.76544246423
6277.99552655351
6240.10519106845
6272.26621865695
6319.68225371345
6467.36166598092
6600.91592047236
6717.22960120832
6760.27032531263
6821.31626158124
7024.20536258905
7095.17174919266
7226.90345763458
7574.57773733903
7939.80474633664
8210.70019111186
8498.30188413705
8820.98149126841
8884.54844636849
8688.95525698896
9215.059000029
9482.18646812902
9591.18936471497
9769.11390277683
9845.11511574131
9821.96146895073
9834.68431053495
9998.01155927112
10181.8840498293
10202.6179159991
9741.43659890665
10314.5034996681
10387.4447513252
10557.8773744944
10599.4323184715
10640.6384661478
10754.5919627214
10868.3536121032
10981.9234142932
11095.3013692915
11208.4874770979
11274.8953972615
11341.1354701064
11407.2076956327
11473.1120738404
11538.8486047295
11570.4650780834
11601.8585001567
11633.0288709494
11663.9761904616
11694.7004586931
11707.043189059
11719.2669362061
11731.3717001344
11743.3574808438
11755.2242783345
11741.2500328639
11727.2698931783
11713.2838592776
11699.2919311618
11685.294108831
11797.3962279565
11909.0100682505
12020.135629713
12130.7729123441
12240.9219161437
12328.2092040601
12415.4891639847
12502.7617959177
12590.0270998589
12677.2850758085
12717.5611899018
12757.6368264503
12797.5119854542
12837.1866669134
12876.660870828
12914.671520009
12952.492873694
12990.1249318829
13027.5676945759
13064.8211617728
13112.4286747046
13159.7895953594
13206.9039237374
13253.7716598383
13300.3928036624
13346.6217080661
13392.6112152686
13438.3613252702
13483.8720380707
13529.1433536701
13572.2405114809
13615.3376692917
13658.4348271025
13701.5319849134
13744.6291427242
13793.447220477
13842.2652982298
13891.0833759825
13939.9014537353
13988.7195314881
14039.8746262414
14091.0297209948
14142.1848157482
14193.3399105015
14244.4950052549
14293.3684594417
14342.2419136285
14391.1153678154
14439.9888220022
14488.862276189
14514.8199675384
14550.8093830065
14585.9070522652
14620.0701673552
14653.2559203169
14685.421503191
14716.5241080179
14746.5209268384
14775.3691516929
14803.0259746221
14829.4485876665
14854.5941828667
14878.4199522632
14900.8830878967
14921.9407818076
14941.5502260367
14959.6686126243
14976.2531336112
14991.2609810379
15004.649346945
15016.375423373
15021.7720474479
15027.1686715227
15032.5652955976
15037.9619196724
15043.3585437473
15048.7551678221
15054.151791897
15059.5484159718
15064.9450400467
15072.8599568899
15080.8897027798
15089.0383068058
15097.3097980572
15105.7082056235
15114.2375585939
15122.9018860578
15131.7052171046
15140.6515808236
15149.7450063043
15158.9895226358
15168.3891589077
15177.9479442093
15187.6699076299
15197.5590782588
15207.6194851856
15217.8551574994
15228.2701242897
15238.8684146458
15238.7733952884
15238.7733952884
15238.7733952884
15238.7733952884
15238.7733952884
15238.7733952884
15238.7733952884
15238.7733952884
15238.7733952884
15238.7733952884
15238.7733952884
15238.7733952884
15238.7733952884
15238.7733952884
15238.7733952884
15238.7733952884
15238.7733952884
15238.7733952884
15238.7733952884
15238.7733952884
15238.7733952884
15238.7733952884
15238.7733952884
15238.7733952884
15238.7733952884
15238.7733952884
15218.9262806405
15161.5447208033
15069.8683919365
14947.1369701996
14796.5901317524
14621.4675527545
14425.0089093656
14210.4538777453
13981.0421340533
13740.0133544492
13490.6072150927
13236.0633921435
12979.6215617612
12724.5214001054
12474.0025833358
12231.3047876122
11999.6676890941
11782.3309639411
11582.534288313
11403.5173383694
11248.51979027
11123.5362370448
10998.5526838196
10873.5691305944
10748.5855773691
10623.6020241439
10498.6184709187
10373.6349176935
10248.6513644682
10123.667811243
9998.68425801779
9873.70070479257
9748.71715156735
9623.73359834213
9498.75004511691
9373.76649189168
9248.78293866646
9123.79938544124
8998.81583221602
8873.83227899079
8748.84872576557
8623.86517254035
8498.88161931513
8373.8980660899
8248.91451286468
8123.93095963946
7998.94740641424
7873.96385318901
7748.98029996379
7623.99674673857
7499.01319351335
7374.02964028812
7249.0460870629
7124.06253383768
6999.07898061246
6874.09542738723
6749.11187416201
6624.12832093679
6499.14476771157
6374.16121448634
6249.17766126112
6124.1941080359
5999.21055481068
5874.22700158545
5749.24344836023
5624.25989513501
5499.27634190979
5374.29278868457
5249.30923545934
5124.32568223412
4999.3421290089
4874.35857578367
4749.37502255845
4624.39146933323
4499.40791610801
4374.42436288279
4249.44080965756
4124.45725643234
3999.47370320712
3874.4901499819
3749.50659675667
3624.52304353145
3499.53949030623
3374.555937081
3249.57238385578
3124.58883063056
2999.60527740534
2874.62172418012
2749.63817095489
2624.65461772967
2499.67106450445
2374.68751127923
2249.703958054
2124.72040482878
1999.73685160356
1874.75329837834
1749.76974515311
1624.78619192789
1499.80263870267
1374.81908547745
1249.83553225222
1124.851979027
999.868425801779
874.884872576556
749.901319351335
682.310723904087
617.337131020289
555.072365351291
495.608251548442
439.036614263091
385.449278146587
334.938067850279
287.594808025517
243.511323323649
202.779438396025
165.490977893994
131.737766468905
101.611628772106
75.2043894549485
52.6078731687802
33.9139045649504
19.2143082948084
8.60090900970305
2.16553136098405
0
0
0
0
0
0
0
0
0
0
0
0
0
0
0
0
0
0
0
0
0
0
0
0
0
0
0
0
0
0
0
0
0
0
0
0
0
0
0
0
0
0
0
0
0
0
0
0
0
0
0
0
0
0
0
0
0
0
0
0
0
0
0
0
0
0
0
0
0
0
0
0
0
0
0
0
0
0
0
0
0
0
0
0
0
0
0
0
0
0
0
0
0
0
0
0
0
0
0
0
0
0
0
0
0
0
0
0
0
0
0
0
0
0
0
0
0
0
0
0
0
0
0
0
0
0
0
0
0
0
0
0
0
0
0
0
0
0
0
0
0
0
0
0
0
0
0
0
0
0
0
0
0
0
0
0
0
0
0
0
0
0
0
0
0
0
0
0
0
0
0
0
0
0
0
0
0
0
0
0
0
0
0
0
0
0
0
0
0
0
0
0
0
0
0
0
0
0
0
0
0
-0
-0
-0
-0
-0
-0
-0
-0
-0
-0
-0
-0
-0
-0
-0
-0
-0
-0
-0
-0
-0
-0
-0
-0
-0
-0
-0
-0
-0
-0
-0
-0
-0
-0
-0
-0
-0
-0
-0
-0
-0
-0
-0
-0
-0
-0
-0
-0
-0
-0
-0
-0
-0
-0
-0
-0
-0
-0
-0
-0
-0
-0
-0
-0
-0
-0
-0
-0
-0
-0
-0
-0
-0
-0
-0
-0
-0
-0
-0
-0
-0
-0
-0
-0
-0
-0
-0
-0
-0
-0
-0
-0
-0
-0
-0
-0
-0
-0
-0
-0
-0
-0
-0
-0
-0
-0
-0
-0
-0
-0
-0
-0
-0
-0
-0
-0
-0
-0
-0
-0
-0
-0
-0
-0
-0
-0
-0
-0
-0
-0
-0
-0
-0
-0
-0
-0
-0
-0
-0
-0
-0
-0
-0
-0
-0
-0
-0
-0
-0
-0
-0
-0
-0
-0
-0
-0
-0
-0
-0
-0
-0
-0
-0
-0
-0
-0
-0
-0
-0
-0
-0
-0
-0
-0
-0
-0
-0
-0
-0
-0
-0
-0
-0
-0
-0
-0
-0
-0
-0
-0
-0
-0
-0
-0
-0
-0
-0
-0
-0
-0
-0
-2.16553136098405
-8.60090900970305
-19.2143082948084
-33.9139045649504
-52.6078731687802
-75.2043894549485
-101.611628772106
-131.737766468905
-165.490977893994
-202.779438396025
-243.511323323649
-287.594808025517
-334.938067850279
-385.449278146587
-439.036614263091
-495.608251548442
-555.072365351291
-617.337131020289
-682.310723904087
-749.901319351335
-874.884872576556
-999.868425801779
-1124.851979027
-1249.83553225222
-1374.81908547745
-1499.80263870267
-1624.78619192789
-1749.76974515311
-1874.75329837834
-1999.73685160356
-2124.72040482878
-2249.703958054
-2374.68751127923
-2499.67106450445
-2624.65461772967
-2749.63817095489
-2874.62172418012
-2999.60527740534
-3124.58883063056
-3249.57238385578
-3374.555937081
-3499.53949030623
-3624.52304353145
-3749.50659675667
-3874.4901499819
-3999.47370320712
-4124.45725643234
-4249.44080965756
-4374.42436288279
-4499.40791610801
-4624.39146933323
-4749.37502255845
-4874.35857578367
-4999.3421290089
-5124.32568223412
-5249.30923545934
-5374.29278868457
-5499.27634190979
-5624.25989513501
-5749.24344836023
-5874.22700158545
-5999.21055481068
-6124.1941080359
-6249.17766126112
-6374.16121448634
-6499.14476771157
-6624.12832093679
-6749.11187416201
-6874.09542738723
-6999.07898061246
-7124.06253383768
-7249.0460870629
-7374.02964028812
-7499.01319351335
-7623.99674673857
-7748.98029996379
-7873.96385318901
-7998.94740641424
-8123.93095963946
-8248.91451286468
-8373.8980660899
-8498.88161931513
-8623.86517254035
-8748.84872576557
-8873.83227899079
-8998.81583221602
-9123.79938544124
-9248.78293866646
-9373.76649189168
-9498.75004511691
-9623.73359834213
-9748.71715156735
-9873.70070479257
-9998.68425801779
-10123.667811243
-10248.6513644682
-10373.6349176935
-10498.6184709187
-10623.6020241439
-10748.5855773691
-10873.5691305944
-10998.5526838196
-11123.5362370448
-11248.51979027
-11403.5173383694
-11582.534288313
-11782.3309639411
-11999.6676890941
-12231.3047876122
-12474.0025833358
-12724.5214001054
-12979.6215617612
-13236.0633921435
-13490.6072150927
-13740.0133544492
-13981.0421340533
-14210.4538777453
-14425.0089093656
-14621.4675527545
-14796.5901317524
-14947.1369701996
-15069.8683919365
-15161.5447208033
-15218.9262806405
-15238.7733952884
-15238.7733952884
-15238.7733952884
-15238.7733952884
-15238.7733952884
-15238.7733952884
-15238.7733952884
-15238.7733952884
-15238.7733952884
-15238.7733952884
-15238.7733952884
-15238.7733952884
-15238.7733952884
-15238.7733952884
-15238.7733952884
-15238.7733952884
-15238.7733952884
-15238.7733952884
-15238.7733952884
-15238.7733952884
-15238.7733952884
-15238.7733952884
-15238.7733952884
-15238.7733952884
-15238.7733952884
-15238.7733952884
-15238.8684146458
-15228.2701242897
-15217.8551574994
-15207.6194851856
-15197.5590782588
-15187.6699076299
-15177.9479442093
-15168.3891589077
-15158.9895226358
-15149.7450063043
-15140.6515808236
-15131.7052171046
-15122.9018860578
-15114.2375585939
-15105.7082056235
-15097.3097980572
-15089.0383068058
-15080.8897027798
-15072.8599568899
-15064.9450400467
-15059.5484159718
-15054.151791897
-15048.7551678221
-15043.3585437473
-15037.9619196724
-15032.5652955976
-15027.1686715227
-15021.7720474479
-15016.375423373
-15004.649346945
-14991.2609810379
-14976.2531336112
-14959.6686126243
-14941.5502260367
-14921.9407818076
-14900.8830878967
-14878.4199522632
-14854.5941828667
-14829.4485876665
-14803.0259746221
-14775.3691516929
-14746.5209268384
-14716.5241080179
-14685.421503191
-14653.2559203169
-14620.0701673552
-14585.9070522652
-14550.8093830065
-14514.8199675384
-14488.862276189
-14439.9888220022
-14391.1153678154
-14342.2419136285
-14293.3684594417
-14244.4950052549
-14193.3399105015
-14142.1848157482
-14091.0297209948
-14039.8746262414
-13988.7195314881
-13939.9014537353
-13891.0833759825
-13842.2652982298
-13793.447220477
-13744.6291427242
-13701.5319849134
-13658.4348271025
-13615.3376692917
-13572.2405114809
-13529.1433536701
-13483.8720380707
-13438.3613252702
-13392.6112152686
-13346.6217080661
-13300.3928036624
-13253.7716598383
-13206.9039237374
-13159.7895953594
-13112.4286747046
-13064.8211617728
-13027.5676945759
-12990.1249318829
-12952.492873694
-12914.671520009
-12876.660870828
-12837.1866669134
-12797.5119854542
-12757.6368264503
-12717.5611899018
-12677.2850758085
-12590.0270998589
-12502.7617959177
-12415.4891639847
-12328.2092040601
-12240.9219161437
-12130.7729123441
-12020.135629713
-11909.0100682505
-11797.3962279565
-11685.294108831
-11699.2919311618
-11713.2838592776
-11727.2698931783
-11741.2500328639
-11755.2242783345
-11743.3574808438
-11731.3717001344
-11719.2669362061
-11707.043189059
-11694.7004586931
-11663.9761904616
-11633.0288709494
-11601.8585001567
-11570.4650780834
-11538.8486047295
-11473.1120738404
-11407.2076956327
-11341.1354701064
-11274.8953972615
-11208.4874770979
-11095.3013692915
-10981.9234142932
-10868.3536121032
-10754.5919627214
-10640.6384661478
-10599.4323184715
-10557.8773744944
-10387.4447513252
-10314.5034996681
-9741.43659890665
-10202.6179159991
-10181.8840498293
-9998.01155927112
-9834.68431053495
-9821.96146895073
-9845.11511574131
-9769.11390277683
-9591.18936471497
-9482.18646812902
-9215.059000029
-8688.95525698896
-8884.54844636849
-8820.98149126841
-8498.30188413705
-8210.70019111186
-7939.80474633664
-7574.57773733903
-7226.90345763458
-7095.17174919266
-7024.20536258905
-6821.31626158124
-6760.27032531263
-6717.22960120832
-6600.91592047236
-6467.36166598092
-6319.68225371345
-6272.26621865695
-6240.10519106845
-6277.99552655351
-6254.76544246423
-6089.95576927204
-5992.72819156075
-5803.93545729102
-5622.82657299937
-5521.11827053177
-5438.40795103079
-5267.93568908152
-5233.05983088354
-5262.32300730966
-5338.85182721666
-5390.92205134778
-5246.2742656907
-5086.47869200309
-4928.32584341881
-4684.14466879471
-4692.48823868831
-4708.56754810722
-4453.73671337166
-4261.6942744753
-4102.74154380858
-3811.98228047248
-3607.92162033487
-3406.32242382834
-3293.3065381611
-3141.67441558103
-3001.51264338086
-2851.14057143202
-2697.58359013022
-2595.63793868222
-2578.64924186661
-2414.43700666007
-2303.78029714391
-2214.83119412639
-2140.70133252582
-2010.25468640982
-1842.47526241964
-1794.7041834302
-1750.04087315491
-1712.31613983329
-1592.37176089363
-1466.30508219597
-1491.75632390807
-1410.92050890024
-1272.90692199185
-1205.94800381016
-1427.60625434208
-1441.21098755732
-1394.20981792547
-1390.062509233
-1354.94122409551
-1227.19175386603
-1163.95481136904
-1234.6434939636
-1156.88976591224
-1057.60023613021
-1007.2799171609
-929.674901056703
-887.464486251779
-980.203309275975
-1086.97024361968
-1180.4950318148
-1098.83656351907
-1095.6222160247
-1009.81962525106
-1010.08050751072
-992.574517575269
-986.046224767035
-880.534061060513
-832.692095611037
-946.09640915124
-825.469003192685
-945.569063563399
-961.25435692186
-928.72426185877
-865.278073251384
-878.314055689791
-965.186357845493
-894.225365531425
-852.281170671483
-836.555682581955
-796.971293212774
-767.309081379193
-791.515850143959
-712.475385137608
-669.21167996537
-629.008684284202
-620.367327148477
-570.666467346256
-555.429117957954
-536.009966433485
-508.862491011413
-467.923883404757
-444.298991600855
-424.963519026184
-411.875488716899
-388.566267069978
-375.247999481977
-377.78336664304
-373.841645362412
-357.149726924471
-329.127180681503
-328.952863974441
-297.922693553696
-283.176339214558
-277.72814474696
-274.577702804721
-270.826027084347
-255.002555148795
-241.477492029804
-235.700969654102
-208.257087095948
-193.945483100659
-191.395626077772
-187.072330337328
-183.294545636274
-174.085669876899
-178.901800272696
-168.110867188331
-151.550272884136
-141.925440990613
-138.603810666016
-130.659010225853
-127.044937176851
-118.690248621269
-115.000764549985
-108.251066205864
-100.639226380384
-94.3992954072029
-92.3411240623242
-87.6878413286704
-80.1496146373365
-75.6824650748851
-74.1268521479962
-73.2704347172257
-68.732831077689
-67.6389331138426
-58.0095077279168
-55.1781673498522
-52.6814662218129
-52.1177956061102
-48.6862832275653
-46.2441142228035
-45.4939287588391
-41.6785629441926
-40.778170657529
-37.3850203843626
-35.1038165505795
-33.9691450591024
-32.2001849607573
-31.0812689603083
-29.4155658345493
-28.3434158792782
-27.3630602185656
-27.3026439998134
-23.4618711342799
-22.9606472091788
-22.4236955780801
-21.9298869270942
-21.6036134821194
-22.6346982614251
-17.1137583681111
-17.085868347207
-16.8975341355537
-15.7463106043655
-15.5650326641244
-15.0603133179656
-14.4661113087496
-13.6575595008356
-13.1248147281585
-12.9126750734894
-12.7214895193967
-12.6240248797373
-12.5620434120643
-12.1769378978005
-11.2440479418005
-10.9117368929128
-10.6677416156556
-10.609698535246
-10.2511063112356
-9.67460875426634
-9.09397820001507
-9.0881331949336
-9.39207669680932
-9.05421969502582
-8.61148555733352
-8.80477267515764
-8.13235133399095
-9.25674322770839
-7.1940942188524
-7.18810882959073
-6.7539371414502
-6.41186945764968
-6.15589419506919
-5.86358186378599
-5.59677644799105
-5.59314250259324
-5.60189351638006
-5.59506230079295
-5.48108470672916
-4.90824362474525
-4.90550580584469
-4.90399496860778
-4.90289165829481
-4.90067943481922
-4.31809392070986
-4.31392613920712
-4.31352437684471
-4.31113583380498
-4.30968050779087
-3.85486564355743
-3.83367137211461
-3.83273792400842
-3.83180447590223
-3.83087102779604
-3.47149350691362
-3.47056005880743
-3.46962661070125
-3.46869316259505
-3.46775971448887
-3.12705115573021
-3.12611770762402
-3.12518425951783
-3.12425081141164
-3.12331736330545
-2.79941087045817
-2.79847742235198
-2.7975439742458
-2.79661052613961
-2.79567707803343
-2.55204712231832
-2.55204712231832
-2.55111367421214
-2.55018022610595
-2.54924677799976
-2.38495991131065
-2.38402646320447
-2.38309301509827
-2.38309301509827
-2.38215956699208
-2.38215956699208
