2.38215956699208
2.38215956699208
2.38309301509827
2.38309301509827
2.38402646320447
2.38495991131065
2.54924677799976
2.55018022610595
2.55111367421214
2.55204712231832
2.55204712231832
2.79567707803343
2.79661052613961
2.7975439742458
2.79847742235198
2.79941087045817
3.12331736330545
3.12425081141164
3.12518425951783
3.12611770762402
3.12705115573021
3.46775971448887
3.46869316259505
3.46962661070125
3.47056005880743
3.47149350691362
3.83087102779604
3.83180447590223
3.83273792400842
3.83367137211461
3.85486564355743
4.30968050779087
4.31113583380498
4.31352437684471
4.31392613920712
4.31809392070986
4.90067943481922
4.90289165829481
4.90399496860778
4.90550580584469
4.90824362474525
5.48108470672916
5.59506230079295
5.60189351638006
5.59314250259324
5.59677644799105
5.86358186378599
6.15589419506919
6.41186945764968
6.7539371414502
7.18810882959073
7.1940942188524
9.25674322770839
8.13235133399095
8.80477267515764
8.61148555733352
9.05421969502582
9.39207669680932
9.0881331949336
9.09397820001507
9.67460875426634
10.2511063112356
10.609698535246
10.6677416156556
10.9117368929128
11.2440479418005
12.1769378978005
12.5620434120643
12.6240248797373
12.7214895193967
12.9126750734894
13.1248147281585
13.6575595008356
14.4661113087496
15.0603133179656
15.5650326641244
15.7463106043655
16.8975341355537
17.085868347207
17.1137583681111
22.6346982614251
21.6036134821194
21.9298869270942
22.4236955780801
22.9606472091788
23.4618711342799
27.3026439998134
27.3630602185656
28.3434158792782
29.4155658345493
31.0812689603083
32.2001849607573
33.9691450591024
35.1038165505795
37.3850203843626
40.778170657529
41.6785629441926
45.4939287588391
46.2441142228035
48.6862832275653
52.1177956061102
52.6814662218129
55.1781673498522
58.0095077279168
67.6389331138426
68.732831077689
73.2704347172257
74.1268521479962
75.6824650748851
80.1496146373365
87.6878413286704
92.3411240623242
94.3992954072029
100.639226380384
108.251066205864
115.000764549985
118.690248621269
127.044937176851
130.659010225853
138.603810666016
141.925440990613
151.550272884136
168.110867188331
178.901800272696
174.085669876899
183.294545636274
187.072330337328
191.395626077772
193.945483100659
208.257087095948
235.700969654102
241.477492029804
255.002555148795
270.826027084347
274.577702804721
277.72814474696
283.176339214558
297.922693553696
328.952863974441
329.127180681503
357.149726924471
373.841645362412
377.78336664304
375.247999481977
388.566267069978
411.875488716899
424.963519026184
444.298991600855
467.923883404757
508.862491011413
536.009966433485
555.429117957954
570.666467346256
620.367327148477
629.008684284202
669.21167996537
712.475385137608
791.515850143959
767.309081379193
796.971293212774
836.555682581955
852.281170671483
894.225365531425
965.186357845493
878.314055689791
865.278073251384
928.72426185877
961.25435692186
945.569063563399
825.469003192685
946.09640915124
832.692095611037
880.534061060513
986.046224767035
992.574517575269
1010.08050751072
1009.81962525106
1095.6222160247
1098.83656351907
1180.4950318148
1086.97024361968
980.203309275975
887.464486251779
929.674901056703
1007.2799171609
1057.60023613021
1156.88976591224
1234.6434939636
1163.95481136904
1227.19175386603
1354.94122409551
1390.062509233
1394.20981792547
1441.21098755732
1427.60625434208
1205.94800381016
1272.90692199185
1410.92050890024
1491.75632390807
1466.30508219597
1592.37176089363
1712.31613983329
1750.04087315491
1794.7041834302
1842.47526241964
2010.25468640982
2140.70133252582
2214.83119412639
2303.78029714391
2414.43700666007
2578.64924186661
2595.63793868222
2697.58359013022
2851.14057143202
3001.51264338086
3141.67441558103
3293.3065381611
3406.32242382834
3607.92162033487
3811.98228047248
4102.74154380858
4261.6942744753
4453.73671337166
4708.56754810722
4692.48823868831
4684.14466879471
4928.32584341881
5086.47869200309
5246.2742656907
5390.92205134778
5338.85182721666
5262.32300730966
5233.05983088354
5267.93568908152
5438.40795103079
5521.11827053177
5622.82657299937
5803.93545729102
5992.72819156075
6089.95576927204
6254.76544246423
6277.99552655351
6240.10519106845
6272.26621865695
6319.68225371345
6467.36166598092
6600.91592047236
6717.22960120832
6760.27032531263
6821.31626158124
7024.20536258905
7095.17174919266
7226.90345763458
7574.57773733903
7939.80474633664
8210.70019111186
8498.30188413705
8820.98149126841
8884.54844636849
8688.95525698896
9215.059000029
9482.18646812902
9591.18936471497
9769.11390277683
9845.11511574131
9821.96146895073
9834.68431053495
9998.01155927112
10181.8840498293
10202.6179159991
9741.43659890665
10314.5034996681
10387.4447513252
10557.8773744944
10734.2563526366
10910.3494194516
10862.7219011491
10815.0458307893
10767.3212083721
10719.5480338977
10671.726307366
10597.2383366302
10522.8572814688
10448.5831418818
10374.4159178691
10300.3556094309
10243.9351009157
10187.7517408829
10131.8055293324
10076.0964662642
10020.6245516784
9945.04543859655
9869.83038999789
9794.97940588244
9720.49248625023
9646.36963110126
9566.24572687134
9486.43220388436
9406.92906214032
9327.7363016392
9248.85392238103
9226.84406265675
9204.9430040149
9183.15074645547
9161.46728997847
9139.89263458389
9118.42678027173
9097.069727042
9075.8214748947
9054.68202382981
9033.65137384735
9019.77249561123
9005.83182584343
8991.82936454396
8977.76511171281
8963.63906735
8949.45123145551
8935.20160402935
8920.89018507153
8906.51697458203
8892.08197256085
8886.96079336435
8881.92051013077
8876.96112286011
8872.08263155238
8867.28503620758
8862.5683368257
8857.93253340674
8853.37762595071
8848.90361445761
8844.51049892743
8846.64862827095
8848.78675761448
8850.92488695801
8853.06301630154
8855.20114564506
8857.33927498859
8859.47740433212
8861.61553367565
8863.75366301918
8865.8917923627
8877.06412474921
8888.23645713572
8899.40878952223
8910.58112190874
8921.75345429524
8932.92578668175
8944.09811906826
8955.27045145477
8966.44278384128
8977.61511622778
8967.36646078965
8946.39721656393
8907.68417914882
8852.87945915644
8783.63516719891
8701.60341388836
8608.43630983691
8505.78596565668
8395.30449195979
8278.64399935838
8157.45659846455
8033.39439989044
7908.10951424817
7783.25405214986
7660.48012420763
7541.43984103361
7427.78531323992
7321.16865143869
7223.24196624202
7135.65736826206
7060.06696811092
6999.19013275818
6938.31329740543
6877.43646205269
6816.55962669994
6755.6827913472
6694.80595599445
6633.92912064171
6573.05228528896
6512.17544993622
6451.29861458347
6390.42177923073
6329.54494387798
6268.66810852524
6207.79127317249
6146.91443781975
6086.037602467
6025.16076711426
5964.28393176151
5903.40709640876
5842.53026105602
5781.65342570327
5720.77659035053
5659.89975499778
5599.02291964504
5538.14608429229
5477.26924893955
5416.3924135868
5355.51557823406
5285.96342786738
5216.41127750071
5146.85912713403
5077.30697676735
5007.75482640068
4938.202676034
4868.65052566733
4799.09837530065
4729.54622493397
4659.9940745673
4590.44192420062
4520.88977383394
4451.33762346727
4381.78547310059
4312.23332273392
4242.68117236724
4173.12902200056
4103.57687163389
4034.02472126721
3964.47257090054
3894.92042053386
3825.36827016718
3755.81611980051
3686.26396943383
3616.71181906716
3547.15966870048
3477.6075183338
3408.05536796713
3338.50321760045
3268.95106723378
3199.3989168671
3129.84676650042
3060.29461613375
2990.74246576707
2921.19031540039
2851.63816503372
2782.08601466704
2712.53386430037
2642.98171393369
2573.42956356701
2503.87741320034
2434.32526283366
2364.77311246699
2295.22096210031
2225.66881173363
2156.11666136696
2086.56451100028
2017.01236063361
1947.46021026693
1877.90805990025
1808.35590953358
1738.8037591669
1669.25160880023
1599.69945843355
1530.14730806687
1460.5951577002
1391.04300733352
1321.49085696684
1251.93870660017
1182.38655623349
1112.83440586682
1043.28225550014
973.730105133465
904.177954766789
834.625804400113
765.073654033436
695.52150366676
625.969353300084
556.417202933408
486.865052566732
417.312902200056
379.699383168086
343.542200998895
308.892455231529
275.801245405033
244.319671058451
214.498831730829
186.389826961211
160.043756288642
135.511719252167
112.844815390832
92.0941442436798
73.3108053497568
56.5458982481077
41.8505224777771
29.2757775778101
18.8727630872516
10.6925785451464
4.78632349053952
1.20509746247568
0
0
0
0
0
0
0
0
0
0
0
0
0
0
0
0
0
0
0
0
0
0
0
0
0
0
0
0
0
0
0
0
0
0
0
0
0
0
0
0
0
0
0
0
0
0
0
0
0
0
0
0
0
0
0
0
0
0
0
0
0
0
0
0
0
0
0
0
0
0
0
0
0
0
0
0
0
0
0
0
0
0
0
0
0
0
0
0
0
0
0
0
0
0
0
0
0
0
0
0
0
0
0
0
0
0
0
0
0
0
0
0
0
0
0
0
0
0
0
0
0
0
0
0
0
0
0
0
0
0
0
0
0
0
0
0
0
0
0
0
0
0
0
0
0
0
0
0
0
0
0
0
0
0
0
0
0
0
0
0
0
0
0
0
0
0
0
0
0
0
0
0
0
0
0
0
0
0
0
0
0
0
0
0
0
0
0
0
0
0
0
0
0
0
0
0
0
0
0
0
0
0
0
0
0
0
0
0
0
0
0
0
0
0
0
0
0
0
0
0
0
0
0
0
0
0
0
0
0
0
0
0
0
0
0
0
0
0
0
0
0
0
0
0
0
0
0
0
0
0
0
0
0
0
0
0
0
0
0
0
0
