0
5.9
11.8
17.7
23.6
29.5
35.4
41.3
47.2
53.1
59
64.9
70.8
76.7
82.6
88.5
94.4
100.3
106.2
112.1
118
123.9
129.8
135.7
141.6
147.5
153.4
159.3
165.2
171.1
177
182.9
188.8
194.7
200.6
206.5
212.4
218.3
224.2
230.1
236
241.9
247.8
253.7
259.6
265.5
271.4
277.3
283.2
289.1
295
300.9
306.8
312.7
318.6
324.5
330.4
336.3
342.2
348.1
354
359.9
365.8
371.7
377.6
383.5
389.4
395.3
401.2
407.1
413
418.9
424.8
430.7
436.6
442.5
448.4
454.3
460.2
466.1
472
477.9
483.8
489.7
495.6
502.8
495.13
550.54
548.51
546.07
543.15
548.33
553.61
558.78
563.97
569.12
580.92
522.23
522.15
522.27
522.52
522.44
520.59
518.56
516.57
514.95
534.81
620.66
630.37
635.86
642.12
649
654.59
660.07
665.36
670.83
704.72
657.03
659.83
661.4
662.68
663.61
662.1
659.84
658.4
656.87
653.39
667.26
668.62
686.45
690.52
692.44
695.61
696.8
697.97
696.73
759.7
759.92
784.73
806.16
826.46
851.99
855.76
859.85
862.12
863.05
810.27
772.72
741.46
728.6
711.65
708.4
705.13
703.46
707.13
706.72
754.67
745.21
751.36
755.56
757.02
760.69
799.1
801.01
800.07
802.74
818.96
816.79
813.04
799.51
795.48
802.4
778.14
779.57
775.58
760.68
759.17
783.28
781.03
789.29
793.78
877.19
898.78
914.9
922.85
935.47
1142.0838
1188.6028
1175.446
1214.1312
1246.4665
1287.4334
1297.6848
1306.7588
1201.0271
1171.422
1254.2325
1267.5736
1271.336
1279.2828
1282.045
1299.531
1286.8212
1283.7776
1277.437
1245.1239
1135.712
1094.6319
1106.4612
1094.8476
1086.5872
1180.2
1191.5332
1178.2638
1174.3416
1141.3818
1197.308
1345.897
1387.988
1426.817
1446.48
1478.085
1492.442
1505.518
1507.261
1575.4057
1734.1953
1635.0394
1623.2937
1607.6279
1582.1874
1559.5574
1541.3731
1523.1085
1508.3625
1543.54143
1324.7347
1581.99091
2121.12117
1724.28827
1589.93363
1538.20246
1478.86698
1608.28076
1763.78005
1752.49152
1746.93884
1894.01435
1704.01417
1722.24187
1681.70054
1338.70001
1306.06782
1137.13099
1161.5675
1089.44087
1185.98781
1235.43694
1222.55392
1193.28905
270
198
126
54
-18
-90
-129
-168
-207
-246
-285
-324
-363
-402
-441
-480
-473
-466
-459
-452
-445
-438
-431
-424
-417
-410
-415
-420
-425
-430
-435
-440
-445
-450
-455
-460
-456
-452
-448
-444
-440
-436
-432
-428
-424
-420
-438
-456
-474
-492
-510
-528
-546
-564
-582
-600
-618
-636
-654
-672
-690
-708
-726
-744
-762
-780
-799
-818
-837
-856
-875
-894
-913
-932
-951
-970

