0
5.9
11.8
17.7
23.6
29.5
35.4
41.3
47.2
53.1
59
64.9
70.8
76.7
82.6
88.5
94.4
100.3
106.2
112.1
118
123.9
129.8
135.7
141.6
147.5
153.4
159.3
165.2
171.1
177
182.9
188.8
194.7
200.6
206.5
212.4
218.3
224.2
230.1
236
241.9
247.8
253.7
259.6
265.5
271.4
277.3
283.2
289.1
295
300.9
306.8
312.7
318.6
324.5
330.4
336.3
342.2
348.1
354
359.9
365.8
371.7
377.6
383.5
389.4
395.3
401.2
407.1
413
418.9
424.8
430.7
436.6
442.5
448.4
454.3
460.2
466.1
472
477.9
483.8
489.7
495.6
502.8
495.13
550.54
548.51
546.07
543.15
548.33
553.61
558.78
563.97
569.12
580.92
522.23
522.15
522.27
522.52
522.44
520.59
518.56
516.57
514.95
534.81
620.66
630.37
635.86
642.12
649
654.59
660.07
665.36
670.83
704.72
657.03
659.83
661.4
662.68
663.61
662.1
659.84
658.4
656.87
653.39
667.26
668.62
686.45
690.52
692.44
695.61
696.8
697.97
696.73
759.7
759.92
784.73
806.16
826.46
851.99
855.76
859.85
862.12
863.05
810.27
772.72
741.46
728.6
711.65
708.4
705.13
703.46
707.13
706.72
754.67
745.21
751.36
755.56
757.02
760.69
799.1
801.01
800.07
802.74
818.96
816.79
813.04
799.51
795.48
802.4
778.14
779.57
775.58
760.68
759.17
783.28
781.03
789.29
793.78
877.19
898.78
914.9
922.85
935.47
1142.084
1188.603
1175.446
1214.131
1246.467
1287.433
1297.685
1306.759
1201.027
1171.422
1254.233
1267.574
1271.336
1279.283
1282.045
1299.531
1286.821
1283.778
1277.437
1245.124
1135.712
1094.632
1106.461
1094.848
1086.587
1180.2
1191.533
1178.264
1174.342
1141.382
1197.308
1345.897
1387.988
1426.817
1446.48
1478.085
1492.442
1505.518
1507.261
1575.406
1734.195
1635.039
1623.294
1607.628
1582.187
1559.557
1541.373
1523.109
1508.363
1519.13
1445.217
1371.304
1297.391
1223.478
1149.565
1075.652
1001.739
927.826
853.913
780
765
750
735
720
705
690
675
660
645
630
558
486
414
342
270
198
126
54
-18
-90
-129
-168
-207
-246
-285
-324
-363
-402
-441
-480
-473
-466
-459
-452
-445
-438
-431
-424
-417
-410
-415
-420
-425
-430
-435
-440
-445
-450
-455
-460
-456
-452
-448
-444
-440
-436
-432
-428
-424
-420
-438
-456
-474
-492
-510
-528
-546
-564
-582
-600
-618
-636
-654
-672
-690
-708
-726
-744
-762
-780
-799
-818
-837
-856
-875
-894
-913
-932
-951
-970

