99.2930063808447
101.227535468228
103.199755052921
105.210399460191
107.260217322189
109.349971856692
111.480441151275
113.652418453023
115.866712463877
118.124147641749
120.425564507493
122.771819957859
125.163787584546
127.602357999471
130.088439166375
132.622956738885
135.206854405172
137.841094239316
140.52665705952
143.264542793301
146.055770849799
148.901380499338
151.802431260382
154.760003294028
157.775197806192
160.849137457622
163.982966781902
167.177852611607
170.434984512749
173.755575227698
177.140861126724
180.592102668342
184.110584868624
187.697617779657
191.354536977314
195.082704058543
198.883507148331
202.75836141655
206.708709604881
210.736022563985
214.841799801163
219.027570038666
223.294891782892
227.645353904677
232.080576230881
236.602210147506
241.211939214565
245.91147979293
250.702581683391
255.587028778167
260.566639725112
265.643268604859
270.818805621157
276.095177804662
281.474349730434
286.958324249416
292.549143234169
298.248888339124
304.059681775659
309.983687102271
316.023110030141
322.180199244397
328.457247241378
334.856591182209
341.380613763007
348.031744102037
354.812458644164
361.725282082909
368.772788300489
375.957601326155
383.282396313212
390.749900535068
398.362894400696
406.124212489871
414.036744608586
422.103436865022
430.327292766491
438.71137433774
447.258803261051
455.97276203855
464.856495177162
473.913310396654
483.146579861211
492.55974143501
502.156299962255
511.939828572151
521.913970009304
532.082437990039
542.449018585145
553.017571629559
563.792032159518
574.776411877702
585.97480064694
597.391368012994
609.030364757035
620.896124478348
632.993065207886
645.325691053251
657.898593875729
670.716455
720.144575
769.572695
779.88435
793.0140925
795.5337975
785.621435
810.28388
805.427085
811.9066475
829.3336675
758.9622325
755.28421
747.9398275
738.843395
714.7136225
701.810485
711.8225775
701.479895
692.865925
705.4817075
773.785845
779.0724225
833.109565
813.3762725
867.36188
890.399705
896.1188575
868.3025125
894.354855
892.50771
922.5754175
921.691985
970.6984375
949.4827275
991.3342975
991.059195
967.6141375
1007.4901375
973.36834
1003.7370875
1078.145655
1135.545535
1119.4964775
1170.4943225
1174.718915
1176.16945
1158.4642125
1202.0653
1189.1193675
1213.86755
1229.8290875
1237.108585
1262.88628
1254.6244125
1277.0388
1317.342845
1320.22528
1295.99799
1320.6426625
1349.9392675
1295.54724
1317.3477125
1278.98816
1232.1390175
1254.47749
1247.58414
1234.3492425
1240.54938
1241.4007325
1223.0540475
1256.419225
1320.6743125
1310.7440775
1339.44994
1343.149575
1342.3718275
1345.6049525
1355.3104775
1348.2517475
1335.7272975
1370.15909
1415.0773725
1428.3309575
1445.786565
1456.8188125
1435.9049075
1446.663965
1465.14269
1478.736875
1462.1080925
1489.7208375
1566.13063
1574.5752275
1561.36008
1555.23943
1553.5758725
1541.36159
1538.2989125
1514.8185375
1494.5948775
1694.0663225
1790.3394725
1768.0373225
1798.331875
1905.14828
1944.110765
1970.3873225
1998.789435
1962.69274
2113.4508725
1830.2427625
1861.498605
1727.8100075
1681.573285
1599.0234225
1535.2364925
1425.4461925
1474.0338525
1455.3504675
1592.78707
1554.0670475
1396.858585
1471.222845
1431.24242
1402.4016275
1380.822075
1387.6008975
1504.8483275
1477.362875
1279.13548
1355.7670425
1318.21517
1240.093535
1305.938035
1539.051105
1444.0393075
1508.508875
1457.3699025
1411.2951275
1351.89318
1358.24158
1356.43488
1435.0469425
1357.4937975
1607.3620925
1482.64461
1640.9751225
2021.444815
1676.9818725
1638.34922
1445.74475
1300.5589475
1399.5959225
1658.20847
1474.886465
1334.87545
1455.281605
1253.9791275
1331.9595925
1439.4072625
1497.7939525
1440.5761925
1542.5455925
1396.3305825
1472.7601575
1509.712795
1202.579875
1154.753955
1049.3222625
1033.4998075
938.590505
969.64621
966.4405975
989.332
914.564724069513
839.67783022951
767.660922542127
695.529122818836
623.282431059638
550.920847264533
478.44437143352
372.108070408087
265.603744377786
158.931393342618
52.0910173025822
-54.9173837423215
-145.619649539497
-236.464102715287
-327.450743269693
-418.579571202713
-509.850586514349
-556.297400741372
-602.816153722677
-649.406845458263
-696.069475948132
-742.804045192284
-771.022445686891
-799.283858687694
-827.588284194691
-855.935722207884
-884.326172727273
-885.820472727273
-887.314772727273
-888.809072727273
-890.303372727273
-891.797672727273
-883.937181818182
-876.076690909091
-868.2162
-860.355709090909
-852.495218181818
-862.514751818182
-872.534285454546
-882.553819090909
-892.573352727273
-902.592886363637
-912.61242
-922.631953636364
-932.651487272727
-942.671020909091
-952.690554545454
-969.012043636364
-985.333532727273
-1001.65502181818
-1017.97651090909
-1034.298
-1050.61948909091
-1066.94097818182
-1083.26246727273
-1099.58395636364
-1115.90544545455
-1126.56697909091
-1137.22851272727
-1147.89004636364
-1158.55158
-1169.21311363636
-1179.87464727273
-1190.53618090909
-1201.19771454545
-1211.85924818182
-1222.52078181818
-1228.62275727273
-1234.72473272727
-1240.82670818182
-1246.92868363636
-1253.03065909091
-1259.13263454545
-1265.23461
-1271.33658545455
-1277.43856090909
-1283.54053636364
-1283.54053636364
-1256.80010852273
-1230.05968068182
-1203.31925284091
-1176.578825
-1149.83839715909
-1123.09796931818
-1096.35754147727
-1069.61711363636
-1042.87668579545
-1016.13625795455
-989.395830113636
-962.655402272727
-935.914974431818
-909.174546590909
-882.43411875
-855.693690909091
-828.953263068182
-802.212835227273
-775.472407386364
-748.731979545455
-721.991551704545
-695.251123863636
-668.510696022727
-641.770268181818
-615.029840340909
-588.2894125
-561.548984659091
-534.808556818182
-508.068128977273
-481.327701136364
-454.587273295455
-427.846845454545
-401.106417613636
-374.365989772727
-347.625561931818
-320.885134090909
-294.14470625
-267.404278409091
-240.663850568182
-213.923422727273
-187.182994886364
-160.442567045455
-133.702139204545
-106.961711363636
-80.2212835227273
-53.4808556818181
-26.7404278409092
0
0
0
0
0
0
0
0
0
0
0
0
0
0
0
0
0
0
0
0
0
0
0
0
0
0
0
0
0
0
0
0
0
0
0
0
0
0
0
0
0
0
0
0
0
0
0
0
0
0
0
0
0
0
0
0
0
0
0
0
0
0
0
0
0
0
0
0
0
0
0
0
0
0
0
0
0
0
0
0
0
0
0
0
0
0
0
0
0
0
0
0
0
0
0
0
0
0
0
0
0
0
0
0
0
0
0
0
0
0
0
0
0
0
0
0
0
0
0
0
0
0
0
0
0
0
0
0
0
0
0
0
0
0
0
0
0
0
0
0
0
0
0
0
0
0
0
0
0
0
0
0
0
0
0
0
0
0
0
0
0
0
0
0
0
0
0
0
0
0
0
0
0
0
0
0
0
0
0
0
0
0
0
0
0
0
0
0
0
0
0
0
0
0
0
0
0
0
0
0
0
0
0
0
0
0
0
0
0
0
0
0
0
0
0
0
0
0
0
0
0
0
0
0
0
0
0
0
0
0
0
0
0
0
0
0
0
0
0
0
0
0
0
0
0
0
0
0
0
0
0
0
0
0
0
0
0
0
0
0
0
0
0
0
0
0
0
0
0
0
0
0
0
0
0
0
0
0
0
0
0
0
0
0
0
0
0
0
0
0
0
0
0
0
0
0
0
0
0
0
0
0
0
0
0
0
0
0
0
0
0
0
0
0
0
0
0
0
0
0
0
0
0
0
0
0
0
0
0
0
0
0
0
0
0
0
0
0
0
0
0
0
0
0
0
0
0
0
0
0
0
0
