99.2930063808447
101.227535468228
103.199755052921
105.210399460191
107.260217322189
109.349971856692
111.480441151275
113.652418453023
115.866712463877
118.124147641749
120.425564507493
122.771819957859
125.163787584546
127.602357999471
130.088439166375
132.622956738885
135.206854405172
137.841094239316
140.52665705952
143.264542793301
146.055770849799
148.901380499338
151.802431260382
154.760003294028
157.775197806192
160.849137457622
163.982966781902
167.177852611607
170.434984512749
173.755575227698
177.140861126724
180.592102668342
184.110584868624
187.697617779657
191.354536977314
195.082704058543
198.883507148331
202.75836141655
206.708709604881
210.736022563985
214.841799801163
219.027570038666
223.294891782892
227.645353904677
232.080576230881
236.602210147506
241.211939214565
245.91147979293
250.702581683391
255.587028778167
260.566639725112
265.643268604859
270.818805621157
276.095177804662
281.474349730434
286.958324249416
292.549143234169
298.248888339124
304.059681775659
309.983687102271
316.023110030141
322.180199244397
328.457247241378
334.856591182209
341.380613763007
348.031744102037
354.812458644164
361.725282082909
368.772788300489
375.957601326155
383.282396313212
390.749900535068
398.362894400696
406.124212489871
414.036744608586
422.103436865022
430.327292766491
438.71137433774
447.258803261051
455.97276203855
464.856495177162
473.913310396654
483.146579861211
492.55974143501
502.156299962255
511.939828572151
521.913970009304
532.082437990039
542.449018585145
553.017571629559
563.792032159518
574.776411877702
585.97480064694
597.391368012994
609.030364757035
620.896124478348
632.993065207886
645.325691053251
657.898593875729
670.716455
720.144575
769.572695
779.88435
793.0140925
795.5337975
785.621435
810.28388
805.427085
811.9066475
829.3336675
758.9622325
755.28421
747.9398275
738.843395
714.7136225
701.810485
711.8225775
701.479895
692.865925
705.4817075
773.785845
779.0724225
833.109565
813.3762725
867.36188
890.399705
896.1188575
868.3025125
894.354855
892.50771
922.5754175
921.691985
970.6984375
949.4827275
991.3342975
991.059195
967.6141375
1007.4901375
973.36834
1003.7370875
1078.145655
1135.545535
1119.4964775
1170.4943225
1174.718915
1176.16945
1158.4642125
1202.0653
1189.1193675
1213.86755
1229.8290875
1237.108585
1262.88628
1254.6244125
1277.0388
1317.342845
1320.22528
1295.99799
1320.6426625
1349.9392675
1295.54724
1317.3477125
1278.98816
1232.1390175
1254.47749
1247.58414
1234.3492425
1240.54938
1241.4007325
1223.0540475
1256.419225
1320.6743125
1310.7440775
1339.44994
1343.149575
1342.3718275
1345.6049525
1355.3104775
1348.2517475
1335.7272975
1370.15909
1415.0773725
1428.3309575
1445.786565
1456.8188125
1435.9049075
1446.663965
1465.14269
1478.736875
1462.1080925
1489.7208375
1566.13063
1574.5752275
1561.36008
1555.23943
1553.5758725
1541.36159
1538.2989125
1514.8185375
1494.5948775
1694.0663225
1790.3394725
1768.0373225
1798.331875
1905.14828
1944.110765
1970.3873225
1998.789435
1962.69274
2113.4508725
1830.2427625
1861.498605
1727.8100075
1681.573285
1599.0234225
1535.2364925
1425.4461925
1474.0338525
1455.3504675
1592.78707
1554.0670475
1396.858585
1471.222845
1431.24242
1402.4016275
1380.822075
1387.6008975
1504.8483275
1477.362875
1279.13548
1355.7670425
1318.21517
1240.093535
1305.938035
1539.051105
1444.0393075
1508.508875
1457.3699025
1411.2951275
1351.89318
1358.24158
1356.43488
1435.0469425
1357.4937975
1607.3620925
1482.64461
1640.9751225
2021.444815
1676.9818725
1638.34922
1445.74475
1300.5589475
1399.5959225
1658.20847
1474.886465
1334.87545
1455.281605
1253.9791275
1331.9595925
1439.4072625
1497.7939525
1440.5761925
1542.5455925
1396.3305825
1472.7601575
1509.712795
1202.579875
1154.753955
1049.3222625
1033.4998075
938.590505
969.64621
966.4405975
989.332
996.534516755723
1003.73703351145
1010.93955026717
1018.14206702289
1025.34458377862
1032.54710053434
1039.74961729006
1047.63379506779
1055.51797284551
1063.40215062323
1071.28632840095
1079.17050617868
1075.87489365224
1072.5792811258
1069.28366859937
1065.98805607293
1062.69244354649
1067.8235762631
1072.95470897972
1078.08584169633
1083.21697441294
1088.34810712955
1104.96757884725
1121.58705056495
1138.20652228265
1154.82599400035
1171.44546571805
1180.17569141708
1188.90591711611
1197.63614281514
1206.36636851418
1215.09659421321
1195.27690793072
1175.45722164823
1155.63753536574
1135.81784908325
1115.99816280076
1066.45890056349
1016.91963832623
967.38037608897
917.841113851708
868.301851614446
848.888279130009
829.474706645572
810.061134161135
790.647561676698
771.233989192262
756.928821661196
742.623654130131
728.318486599065
714.013319068
699.708151536935
688.608760715583
677.509369894231
666.40997907288
655.310588251528
644.211197430177
639.353721315123
634.49624520007
629.638769085017
624.781292969963
619.92381685491
608.103504250669
596.283191646428
584.462879042188
572.642566437947
560.822253833706
556.457750912256
552.093247990805
547.728745069355
543.364242147904
538.999739226454
535.65415012033
532.308561014207
528.962971908084
525.61738280196
522.271793695837
522.271793695837
511.391131327174
500.51046895851
489.629806589847
478.749144221184
467.86848185252
456.987819483857
446.107157115194
435.226494746531
424.345832377867
413.465170009204
402.584507640541
391.703845271878
380.823182903214
369.942520534551
359.061858165888
348.181195797224
337.300533428561
326.419871059898
315.539208691235
304.658546322571
293.777883953908
282.897221585245
272.016559216582
261.135896847918
250.255234479255
239.374572110592
228.493909741929
217.613247373265
206.732585004602
195.851922635939
184.971260267275
174.090597898612
163.209935529949
152.329273161286
141.448610792622
130.567948423959
119.687286055296
108.806623686633
97.9259613179693
87.0452989493061
76.1646365806428
65.2839742119796
54.4033118433163
43.522649474653
32.6419871059898
21.7613247373265
10.8806623686633
0
0
0
0
0
0
0
0
0
0
0
0
0
0
0
0
0
0
0
0
0
0
0
0
0
0
0
0
0
0
0
0
0
0
0
0
0
0
0
0
0
0
0
0
0
0
0
0
0
0
0
0
0
0
0
0
0
0
0
0
0
0
0
0
0
0
0
0
0
0
0
0
0
0
0
0
0
0
0
0
0
0
0
0
0
0
0
0
0
0
0
0
0
0
0
0
0
0
0
0
0
0
0
0
0
0
0
0
0
0
0
0
0
0
0
0
0
0
0
0
0
0
0
0
0
0
0
0
0
0
0
0
0
0
0
0
0
0
0
0
0
0
0
0
0
0
0
0
0
0
0
0
0
0
0
0
0
0
0
0
0
0
0
0
0
0
0
0
0
0
0
0
0
0
0
0
0
0
0
0
0
0
0
0
0
0
0
0
0
0
0
0
0
0
0
0
0
0
0
0
0
0
0
0
0
0
0
0
0
0
0
0
0
0
0
0
0
0
0
0
0
0
0
0
0
0
0
0
0
0
0
0
0
0
0
0
0
0
0
0
0
0
0
0
0
0
0
0
0
0
0
0
0
0
0
0
0
0
0
0
0
0
0
0
0
0
0
0
0
0
0
0
0
0
0
0
0
0
0
0
0
0
0
0
0
0
0
0
0
0
0
0
0
0
0
0
0
0
0
0
0
0
0
0
0
0
0
0
0
0
0
0
0
0
0
0
0
0
0
0
0
0
0
0
0
0
0
0
0
0
0
0
0
0
0
0
0
0
0
0
0
0
0
0
0
0
0
0
0
0
0
0
-0
-0
-0
-0
-0
-0
-0
-0
-0
-0
-0
-0
-0
-0
-0
-0
-0
-0
-0
-0
-0
-0
-0
-0
-0
-0
-0
-0
-0
-0
-0
-0
-0
-0
-0
-0
-0
-0
-0
-0
-0
-0
-0
-0
-0
-0
-0
-0
-0
-0
-0
-0
-0
-0
-0
-0
-0
-0
-0
-0
-0
-0
-0
-0
-0
-0
-0
-0
-0
-0
-0
-0
-0
-0
-0
-0
-0
-0
-0
-0
-0
-0
-0
-0
-0
-0
-0
-0
-0
-0
-0
-0
-0
-0
-0
-0
-0
-0
-0
-0
-0
-0
-0
-0
-0
-0
-0
-0
-0
-0
-0
-0
-0
-0
-0
-0
-0
-0
-0
-0
-0
-0
-0
-0
-0
-0
-0
-0
-0
-0
-0
-0
-0
-0
-0
-0
-0
-0
-0
-0
-0
-0
-0
-0
-0
-0
-0
-0
-0
-0
-0
-0
-0
-0
-0
-0
-0
-0
-0
-0
-0
-0
-0
-0
-0
-0
-0
-0
-0
-0
-0
-0
-0
-0
-0
-0
-0
-0
-0
-0
-0
-0
-0
-0
-0
-0
-0
-0
-0
-0
-0
-0
-0
-0
-0
-0
-0
-0
-0
-0
-0
-0
-0
-0
-0
-0
-0
-0
-0
-0
-0
-0
-0
-0
-0
-0
-0
-0
-0
-0
-0
-0
-0
-0
-0
-0
-0
-0
-0
-0
-0
-0
-0
-0
-0
-0
-0
-0
-0
-0
-0
-0
-0
-0
-0
-0
-0
-0
-0
-0
-0
-0
-0
-0
-0
-0
-0
-0
-0
-0
-0
-0
-0
-0
-0
-0
-0
-0
-0
-0
-0
-0
-0
-0
-0
-0
-0
-0
-0
-0
-0
-0
-0
-0
-0
-0
-0
-0
-0
-0
-0
-0
-0
-0
-0
-0
-0
-0
-0
-0
-0
-0
-0
-0
-0
-0
-0
-0
-0
-0
-0
-0
-0
-0
-0
-0
-0
-0
-0
-0
-0
-0
-0
-0
-0
-0
-0
-0
-0
-0
-0
-0
-0
-0
-0
-0
-0
-0
-0
-0
-0
-0
-0
-0
-0
-0
-0
-0
-0
-0
-0
-0
-10.8806623686633
-21.7613247373265
-32.6419871059898
-43.522649474653
-54.4033118433163
-65.2839742119796
-76.1646365806428
-87.0452989493061
-97.9259613179693
-108.806623686633
-119.687286055296
-130.567948423959
-141.448610792622
-152.329273161286
-163.209935529949
-174.090597898612
-184.971260267275
-195.851922635939
-206.732585004602
-217.613247373265
-228.493909741929
-239.374572110592
-250.255234479255
-261.135896847918
-272.016559216582
-282.897221585245
-293.777883953908
-304.658546322571
-315.539208691235
-326.419871059898
-337.300533428561
-348.181195797224
-359.061858165888
-369.942520534551
-380.823182903214
-391.703845271878
-402.584507640541
-413.465170009204
-424.345832377867
-435.226494746531
-446.107157115194
-456.987819483857
-467.86848185252
-478.749144221184
-489.629806589847
-500.51046895851
-511.391131327174
-522.271793695837
-522.271793695837
-525.61738280196
-528.962971908084
-532.308561014207
-535.65415012033
-538.999739226454
-543.364242147904
-547.728745069355
-552.093247990805
-556.457750912256
-560.822253833706
-572.642566437947
-584.462879042188
-596.283191646428
-608.103504250669
-619.92381685491
-624.781292969963
-629.638769085017
-634.49624520007
-639.353721315123
-644.211197430177
-655.310588251528
-666.40997907288
-677.509369894231
-688.608760715583
-699.708151536935
-714.013319068
-728.318486599065
-742.623654130131
-756.928821661196
-771.233989192262
-790.647561676698
-810.061134161135
-829.474706645572
-848.888279130009
-868.301851614446
-917.841113851708
-967.38037608897
-1016.91963832623
-1066.45890056349
-1115.99816280076
-1135.81784908325
-1155.63753536574
-1175.45722164823
-1195.27690793072
-1215.09659421321
-1206.36636851418
-1197.63614281514
-1188.90591711611
-1180.17569141708
-1171.44546571805
-1154.82599400035
-1138.20652228265
-1121.58705056495
-1104.96757884725
-1088.34810712955
-1083.21697441294
-1078.08584169633
-1072.95470897972
-1067.8235762631
-1062.69244354649
-1065.98805607293
-1069.28366859937
-1072.5792811258
-1075.87489365224
-1079.17050617868
-1071.28632840095
-1063.40215062323
-1055.51797284551
-1047.63379506779
-1039.74961729006
-1032.54710053434
-1025.34458377862
-1018.14206702289
-1010.93955026717
-1003.73703351145
-996.534516755723
-989.332
-966.4405975
-969.64621
-938.590505
-1033.4998075
-1049.3222625
-1154.753955
-1202.579875
-1509.712795
-1472.7601575
-1396.3305825
-1542.5455925
-1440.5761925
-1497.7939525
-1439.4072625
-1331.9595925
-1253.9791275
-1455.281605
-1334.87545
-1474.886465
-1658.20847
-1399.5959225
-1300.5589475
-1445.74475
-1638.34922
-1676.9818725
-2021.444815
-1640.9751225
-1482.64461
-1607.3620925
-1357.4937975
-1435.0469425
-1356.43488
-1358.24158
-1351.89318
-1411.2951275
-1457.3699025
-1508.508875
-1444.0393075
-1539.051105
-1305.938035
-1240.093535
-1318.21517
-1355.7670425
-1279.13548
-1477.362875
-1504.8483275
-1387.6008975
-1380.822075
-1402.4016275
-1431.24242
-1471.222845
-1396.858585
-1554.0670475
-1592.78707
-1455.3504675
-1474.0338525
-1425.4461925
-1535.2364925
-1599.0234225
-1681.573285
-1727.8100075
-1861.498605
-1830.2427625
-2113.4508725
-1962.69274
-1998.789435
-1970.3873225
-1944.110765
-1905.14828
-1798.331875
-1768.0373225
-1790.3394725
-1694.0663225
-1494.5948775
-1514.8185375
-1538.2989125
-1541.36159
-1553.5758725
-1555.23943
-1561.36008
-1574.5752275
-1566.13063
-1489.7208375
-1462.1080925
-1478.736875
-1465.14269
-1446.663965
-1435.9049075
-1456.8188125
-1445.786565
-1428.3309575
-1415.0773725
-1370.15909
-1335.7272975
-1348.2517475
-1355.3104775
-1345.6049525
-1342.3718275
-1343.149575
-1339.44994
-1310.7440775
-1320.6743125
-1256.419225
-1223.0540475
-1241.4007325
-1240.54938
-1234.3492425
-1247.58414
-1254.47749
-1232.1390175
-1278.98816
-1317.3477125
-1295.54724
-1349.9392675
-1320.6426625
-1295.99799
-1320.22528
-1317.342845
-1277.0388
-1254.6244125
-1262.88628
-1237.108585
-1229.8290875
-1213.86755
-1189.1193675
-1202.0653
-1158.4642125
-1176.16945
-1174.718915
-1170.4943225
-1119.4964775
-1135.545535
-1078.145655
-1003.7370875
-973.36834
-1007.4901375
-967.6141375
-991.059195
-991.3342975
-949.4827275
-970.6984375
-921.691985
-922.5754175
-892.50771
-894.354855
-868.3025125
-896.1188575
-890.399705
-867.36188
-813.3762725
-833.109565
-779.0724225
-773.785845
-705.4817075
-692.865925
-701.479895
-711.8225775
-701.810485
-714.7136225
-738.843395
-747.9398275
-755.28421
-758.9622325
-829.3336675
-811.9066475
-805.427085
-810.28388
-785.621435
-795.5337975
-793.0140925
-779.88435
-769.572695
-720.144575
-670.716455
-657.898593875729
-645.325691053251
-632.993065207886
-620.896124478348
-609.030364757035
-597.391368012994
-585.97480064694
-574.776411877702
-563.792032159518
-553.017571629559
-542.449018585145
-532.082437990039
-521.913970009304
-511.939828572151
-502.156299962255
-492.55974143501
-483.146579861211
-473.913310396654
-464.856495177162
-455.97276203855
-447.258803261051
-438.71137433774
-430.327292766491
-422.103436865022
-414.036744608586
-406.124212489871
-398.362894400696
-390.749900535068
-383.282396313212
-375.957601326155
-368.772788300489
-361.725282082909
-354.812458644164
-348.031744102037
-341.380613763007
-334.856591182209
-328.457247241378
-322.180199244397
-316.023110030141
-309.983687102271
-304.059681775659
-298.248888339124
-292.549143234169
-286.958324249416
-281.474349730434
-276.095177804662
-270.818805621157
-265.643268604859
-260.566639725112
-255.587028778167
-250.702581683391
-245.91147979293
-241.211939214565
-236.602210147506
-232.080576230881
-227.645353904677
-223.294891782892
-219.027570038666
-214.841799801163
-210.736022563985
-206.708709604881
-202.75836141655
-198.883507148331
-195.082704058543
-191.354536977314
-187.697617779657
-184.110584868624
-180.592102668342
-177.140861126724
-173.755575227698
-170.434984512749
-167.177852611607
-163.982966781902
-160.849137457622
-157.775197806192
-154.760003294028
-151.802431260382
-148.901380499338
-146.055770849799
-143.264542793301
-140.52665705952
-137.841094239316
-135.206854405172
-132.622956738885
-130.088439166375
-127.602357999471
-125.163787584546
-122.771819957859
-120.425564507493
-118.124147641749
-115.866712463877
-113.652418453023
-111.480441151275
-109.349971856692
-107.260217322189
-105.210399460191
-103.199755052921
-101.227535468228
-99.2930063808447
