99.2930063808447
101.227535468228
103.199755052921
105.210399460191
107.260217322189
109.349971856692
111.480441151275
113.652418453023
115.866712463877
118.124147641749
120.425564507493
122.771819957859
125.163787584546
127.602357999471
130.088439166375
132.622956738885
135.206854405172
137.841094239316
140.52665705952
143.264542793301
146.055770849799
148.901380499338
151.802431260382
154.760003294028
157.775197806192
160.849137457622
163.982966781902
167.177852611607
170.434984512749
173.755575227698
177.140861126724
180.592102668342
184.110584868624
187.697617779657
191.354536977314
195.082704058543
198.883507148331
202.75836141655
206.708709604881
210.736022563985
214.841799801163
219.027570038666
223.294891782892
227.645353904677
232.080576230881
236.602210147506
241.211939214565
245.91147979293
250.702581683391
255.587028778167
260.566639725112
265.643268604859
270.818805621157
276.095177804662
281.474349730434
286.958324249416
292.549143234169
298.248888339124
304.059681775659
309.983687102271
316.023110030141
322.180199244397
328.457247241378
334.856591182209
341.380613763007
348.031744102037
354.812458644164
361.725282082909
368.772788300489
375.957601326155
383.282396313212
390.749900535068
398.362894400696
406.124212489871
414.036744608586
422.103436865022
430.327292766491
438.71137433774
447.258803261051
455.97276203855
464.856495177162
473.913310396654
483.146579861211
492.55974143501
502.156299962255
511.939828572151
521.913970009304
532.082437990039
542.449018585145
553.017571629559
563.792032159518
574.776411877702
585.97480064694
597.391368012994
609.030364757035
620.896124478348
632.993065207886
645.325691053251
657.898593875729
670.716455
720.144575
769.572695
779.88435
793.0140925
795.5337975
785.621435
810.28388
805.427085
811.9066475
829.3336675
758.9622325
755.28421
747.9398275
738.843395
714.7136225
701.810485
711.8225775
701.479895
692.865925
705.4817075
773.785845
779.0724225
833.109565
813.3762725
867.36188
890.399705
896.1188575
868.3025125
894.354855
892.50771
922.5754175
921.691985
970.6984375
949.4827275
991.3342975
991.059195
967.6141375
1007.4901375
973.36834
1003.7370875
1078.145655
1135.545535
1119.4964775
1170.4943225
1174.718915
1176.16945
1158.4642125
1202.0653
1189.1193675
1213.86755
1229.8290875
1237.108585
1262.88628
1254.6244125
1277.0388
1317.342845
1320.22528
1295.99799
1320.6426625
1349.9392675
1295.54724
1317.3477125
1278.98816
1232.1390175
1254.47749
1247.58414
1234.3492425
1240.54938
1241.4007325
1223.0540475
1256.419225
1320.6743125
1310.7440775
1339.44994
1343.149575
1342.3718275
1345.6049525
1355.3104775
1348.2517475
1335.7272975
1370.15909
1415.0773725
1428.3309575
1445.786565
1456.8188125
1435.9049075
1446.663965
1465.14269
1478.736875
1462.1080925
1489.7208375
1566.13063
1574.5752275
1561.36008
1555.23943
1553.5758725
1541.36159
1538.2989125
1514.8185375
1494.5948775
1694.0663225
1790.3394725
1768.0373225
1798.331875
1905.14828
1944.110765
1970.3873225
1998.789435
1962.69274
2113.4508725
1830.2427625
1861.498605
1727.8100075
1681.573285
1599.0234225
1535.2364925
1425.4461925
1474.0338525
1455.3504675
1592.78707
1554.0670475
1396.858585
1471.222845
1431.24242
1402.4016275
1380.822075
1387.6008975
1504.8483275
1477.362875
1279.13548
1355.7670425
1318.21517
1240.093535
1305.938035
1539.051105
1444.0393075
1508.508875
1457.3699025
1411.2951275
1351.89318
1358.24158
1356.43488
1435.0469425
1357.4937975
1607.3620925
1482.64461
1640.9751225
2021.444815
1676.9818725
1638.34922
1445.74475
1300.5589475
1399.5959225
1658.20847
1474.886465
1334.87545
1455.281605
1253.9791275
1331.9595925
1439.4072625
1497.7939525
1440.5761925
1542.5455925
1396.3305825
1472.7601575
1509.712795
1202.579875
1154.753955
1049.3222625
1033.4998075
938.590505
969.64621
966.4405975
989.332
1016.69419474983
1044.05638949966
1025.89718188634
1007.73797427302
989.578766659703
971.419559046385
953.260351433066
930.42588661336
907.591421793653
884.756956973947
861.922492154241
839.088027334535
820.671423023195
802.254818711855
783.838214400515
765.421610089176
747.005005777836
728.657995849742
710.310985921649
691.963975993555
673.616966065462
655.269956137368
645.563032860908
635.856109584449
626.149186307989
616.442263031529
606.735339755069
600.741362655476
594.747385555883
588.753408456289
582.759431356696
576.765454257103
570.771477157509
564.777500057916
558.783522958323
552.78954585873
546.795568759136
540.383342886884
533.971117014632
527.558891142379
521.146665270127
514.734439397874
508.322213525622
501.909987653369
495.497761781117
489.085535908864
482.673310036612
477.527852739189
472.382395441767
467.236938144344
462.091480846921
456.946023549499
451.800566252076
446.655108954654
441.509651657231
436.364194359808
431.218737062386
428.184851792361
425.150966522337
422.117081252313
419.083195982289
416.049310712264
413.01542544224
409.981540172216
406.947654902192
403.913769632167
400.879884362143
402.433407992797
403.986931623451
405.540455254104
407.093978884758
408.647502515412
410.201026146065
411.754549776719
413.308073407373
414.861597038027
416.41512066868
416.41512066868
407.739805654749
399.064490640819
390.389175626888
381.713860612957
373.038545599026
364.363230585095
355.687915571164
347.012600557234
338.337285543303
329.661970529372
320.986655515441
312.31134050151
303.636025487579
294.960710473649
286.285395459718
277.610080445787
268.934765431856
260.259450417925
251.584135403994
242.908820390063
234.233505376133
225.558190362202
216.882875348271
208.20756033434
199.532245320409
190.856930306478
182.181615292548
173.506300278617
164.830985264686
156.155670250755
147.480355236824
138.805040222893
130.129725208963
121.454410195032
112.779095181101
104.10378016717
95.4284651532393
86.7531501393084
78.0778351253776
69.4025201114467
60.7272050975159
52.051890083585
43.3765750696542
34.7012600557234
26.0259450417926
17.3506300278617
8.67531501393083
0
0
0
0
0
0
0
0
0
0
0
0
0
0
0
0
0
0
0
0
0
0
0
0
0
0
0
0
0
0
0
0
0
0
0
0
0
0
0
0
0
0
0
0
0
0
0
0
0
0
0
0
0
0
0
0
0
0
0
0
0
0
0
0
0
0
0
0
0
0
0
0
0
0
0
0
0
0
0
0
0
0
0
0
0
0
0
0
0
0
0
0
0
0
0
0
0
0
0
0
0
0
0
0
0
0
0
0
0
0
0
0
0
0
0
0
0
0
0
0
0
0
0
0
0
0
0
0
0
0
0
0
0
0
0
0
0
0
0
0
0
0
0
0
0
0
0
0
0
0
0
0
0
0
0
0
0
0
0
0
0
0
0
0
0
0
0
0
0
0
0
0
0
0
0
0
0
0
0
0
0
0
0
0
0
0
0
0
0
0
0
0
0
0
0
0
0
0
0
0
0
0
0
0
0
0
0
0
0
0
0
0
0
0
0
0
0
0
0
0
0
0
0
0
0
0
0
0
0
0
0
0
0
0
0
0
0
0
0
0
0
0
0
0
0
0
0
0
0
0
0
0
0
0
0
0
0
0
0
0
0
0
0
0
0
0
0
0
0
0
0
0
0
0
0
0
0
0
0
0
0
0
0
0
0
0
0
0
0
0
0
0
0
0
0
0
0
0
0
0
0
0
0
0
0
0
0
0
0
0
0
0
0
0
0
0
0
0
0
0
0
0
0
0
0
0
0
0
0
0
0
0
0
0
0
0
0
0
0
0
0
0
0
0
0
0
0
0
0
0
0
0
