0	3.3640E+13	1.1210E-01	8.0460E+13	2.6810E-01	5.2150E+13	1.7380E-01	4.4290E+13	1.4760E-01	7.7860E+13	2.5940E-01	1.1720E+13	3.9100E-02	3.0146E+14	
250	3.2300E+13	1.1220E-01	8.0090E+13	2.7820E-01	4.9400E+13	1.7160E-01	4.0510E+13	1.4070E-01	7.4780E+13	2.5970E-01	1.0830E+13	3.7600E-02	2.8790E+14	
500	3.1920E+13	1.1260E-01	7.9550E+13	2.8060E-01	4.8530E+13	1.7110E-01	3.9130E+13	1.3800E-01	7.4000E+13	2.6100E-01	1.0420E+13	3.6700E-02	2.8350E+14	
750	3.1620E+13	1.1300E-01	7.8700E+13	2.8120E-01	4.8160E+13	1.7210E-01	3.7830E+13	1.3510E-01	7.3350E+13	2.6210E-01	1.0240E+13	3.6600E-02	2.7990E+14	
1000	3.1520E+13	1.1390E-01	7.7940E+13	2.8170E-01	4.7510E+13	1.7170E-01	3.6890E+13	1.3330E-01	7.2850E+13	2.6330E-01	9.9340E+12	3.5900E-02	2.7660E+14	
1250	3.1250E+13	1.1430E-01	7.7210E+13	2.8240E-01	4.7010E+13	1.7190E-01	3.5980E+13	1.3160E-01	7.2240E+13	2.6420E-01	9.7180E+12	3.5500E-02	2.7340E+14	
1500	3.1120E+13	1.1500E-01	7.6420E+13	2.8250E-01	4.6380E+13	1.7140E-01	3.5400E+13	1.3080E-01	7.1810E+13	2.6540E-01	9.4060E+12	3.4800E-02	2.7050E+14	
1750	3.1000E+13	1.1550E-01	7.5720E+13	2.8210E-01	4.6030E+13	1.7150E-01	3.4940E+13	1.3020E-01	7.1450E+13	2.6620E-01	9.2980E+12	3.4600E-02	2.6840E+14	
2000	3.0680E+13	1.1710E-01	7.3960E+13	2.8220E-01	4.4900E+13	1.7130E-01	3.3500E+13	1.2780E-01	7.0310E+13	2.6830E-01	8.7030E+12	3.3200E-02	2.6210E+14	
2250	3.0390E+13	1.1810E-01	7.2770E+13	2.8250E-01	4.4070E+13	1.7110E-01	3.2420E+13	1.2580E-01	6.9610E+13	2.7030E-01	8.2660E+12	3.2000E-02	2.5750E+14	
2500	3.0110E+13	1.1900E-01	7.1570E+13	2.8290E-01	4.3230E+13	1.7090E-01	3.1340E+13	1.2390E-01	6.8920E+13	2.7240E-01	7.8280E+12	3.0900E-02	2.5300E+14	
2750	2.9260E+13	1.1960E-01	6.9330E+13	2.8350E-01	4.1470E+13	1.6950E-01	2.9810E+13	1.2180E-01	6.7460E+13	2.7600E-01	7.2770E+12	2.9700E-02	2.4460E+14	
3000	2.8400E+13	1.2020E-01	6.7080E+13	2.8400E-01	3.9700E+13	1.6810E-01	2.8270E+13	1.1970E-01	6.6010E+13	2.7950E-01	6.7250E+12	2.8500E-02	2.3620E+14	
3250	2.6910E+13	1.2150E-01	6.2560E+13	2.8220E-01	3.6380E+13	1.6390E-01	2.6380E+13	1.1900E-01	6.3480E+13	2.8690E-01	5.9250E+12	2.6600E-02	2.2160E+14	
3500	2.5410E+13	1.2270E-01	5.8050E+13	2.8030E-01	3.3060E+13	1.5960E-01	2.4490E+13	1.1830E-01	6.0950E+13	2.9430E-01	5.1250E+12	2.4700E-02	2.0710E+14	
3750	2.3260E+13	1.2460E-01	5.0470E+13	2.6860E-01	2.9750E+13	1.5900E-01	2.2070E+13	1.1800E-01	5.7250E+13	3.0750E-01	4.2180E+12	2.2300E-02	1.8700E+14	
4000	2.1120E+13	1.2650E-01	4.2890E+13	2.5690E-01	2.6450E+13	1.5840E-01	1.9650E+13	1.1770E-01	5.3540E+13	3.2070E-01	3.3110E+12	1.9800E-02	1.6700E+14	
4250	1.7980E+13	1.2690E-01	3.4110E+13	2.3700E-01	2.2420E+13	1.5810E-01	1.6940E+13	1.1980E-01	4.8180E+13	3.4390E-01	2.1790E+12	1.4400E-02	1.4180E+14	
4500	1.4850E+13	1.2730E-01	2.5330E+13	2.1710E-01	1.8400E+13	1.5770E-01	1.4230E+13	1.2200E-01	4.2820E+13	3.6700E-01	1.0460E+12	9.0000E-03	1.1670E+14	
4750	1.1120E+13	1.2060E-01	1.8520E+13	1.9900E-01	1.3460E+13	1.4450E-01	1.1260E+13	1.2490E-01	3.5760E+13	4.0500E-01	6.1530E+11	5.9000E-03	9.0740E+13	
5000	7.3890E+12	1.1400E-01	1.1720E+13	1.8090E-01	8.5150E+12	1.3140E-01	8.2840E+12	1.2780E-01	2.8710E+13	4.4300E-01	1.8460E+11	2.8000E-03	6.4800E+13	
5250	4.0770E+12	7.7100E-02	6.7350E+12	1.3630E-01	5.4110E+12	1.2610E-01	5.6790E+12	1.4440E-01	1.9950E+13	5.1480E-01	9.2300E+10	1.4000E-03	4.1950E+13	
5500	7.6570E+11	4.0100E-02	1.7510E+12	9.1600E-02	2.3070E+12	1.2080E-01	3.0750E+12	1.6100E-01	1.1200E+13	5.8650E-01	0.0000E+00	0.0000E+00	1.9100E+13	

0	1.2010E+13	2.0990E-01	1.3090E+13	2.2880E-01	1.4550E+13	2.5440E-01	1.4350E+13	2.5090E-01	3.2040E+12	5.6000E-02	0.0000E+00	0.0000E+00	5.8026E+13	
250	1.1810E+13	2.3650E-01	1.2790E+13	2.5620E-01	1.4430E+13	2.8890E-01	8.6900E+12	1.7400E-01	2.2140E+12	4.4300E-02	0.0000E+00	0.0000E+00	4.9930E+13	
500	1.1500E+13	2.4310E-01	1.2310E+13	2.6040E-01	1.4260E+13	3.0160E-01	7.2190E+12	1.5270E-01	1.9980E+12	4.2200E-02	0.0000E+00	0.0000E+00	4.7290E+13	
750	1.1260E+13	2.4610E-01	1.2030E+13	2.6300E-01	1.4130E+13	3.0880E-01	6.5360E+12	1.4280E-01	1.7950E+12	3.9200E-02	0.0000E+00	0.0000E+00	4.5750E+13	
1000	1.1160E+13	2.4920E-01	1.1860E+13	2.6490E-01	1.4000E+13	3.1270E-01	6.1190E+12	1.3670E-01	1.6350E+12	3.6500E-02	0.0000E+00	0.0000E+00	4.4770E+13	
1250	1.1000E+13	2.5210E-01	1.1740E+13	2.6900E-01	1.3900E+13	3.1840E-01	5.6370E+12	1.2910E-01	1.3740E+12	3.1500E-02	0.0000E+00	0.0000E+00	4.3650E+13	
1500	1.0930E+13	2.5430E-01	1.1650E+13	2.7090E-01	1.3780E+13	3.2040E-01	5.3210E+12	1.2380E-01	1.3170E+12	3.0600E-02	0.0000E+00	0.0000E+00	4.3000E+13	
1750	1.0830E+13	2.5670E-01	1.1570E+13	2.7410E-01	1.3620E+13	3.2280E-01	4.9230E+12	1.1660E-01	1.2560E+12	2.9800E-02	0.0000E+00	0.0000E+00	4.2200E+13	
2000	1.0700E+13	2.6100E-01	1.1480E+13	2.8010E-01	1.3430E+13	3.2750E-01	4.2250E+12	1.0310E-01	1.1620E+12	2.8300E-02	0.0000E+00	0.0000E+00	4.1000E+13
2250	1.0470E+13	2.6390E-01	1.1300E+13	2.8510E-01	1.3120E+13	3.3090E-01	3.6990E+12	9.3000E-02	1.0770E+12	2.7100E-02	0.0000E+00	0.0000E+00	3.9660E+13
2500	1.0230E+13	2.6680E-01	1.1120E+13	2.9020E-01	1.2810E+13	3.3430E-01	3.1740E+12	8.2800E-02	9.9200E+11	2.5900E-02	0.0000E+00	0.0000E+00	3.8330E+13
2750	9.7880E+12	2.7070E-01	1.0400E+13	2.8740E-01	1.2430E+13	3.4410E-01	2.6770E+12	7.3400E-02	8.7890E+11	2.4200E-02	0.0000E+00	0.0000E+00	3.6180E+13
3000	9.3460E+12	2.7470E-01	9.6880E+12	2.8470E-01	1.2050E+13	3.5400E-01	2.1790E+12	6.4100E-02	7.6590E+11	2.2500E-02	0.0000E+00	0.0000E+00	3.4030E+13
3250	8.5840E+12	2.7590E-01	8.8300E+12	2.8360E-01	1.1410E+13	3.6770E-01	1.7530E+12	5.5500E-02	5.4850E+11	1.7100E-02	0.0000E+00	0.0000E+00	3.1120E+13
3500	7.8210E+12	2.7720E-01	7.9720E+12	2.8250E-01	1.0760E+13	3.8150E-01	1.3270E+12	4.7000E-02	3.3120E+11	1.1700E-02	0.0000E+00	0.0000E+00	2.8210E+13
3750	6.7360E+12	2.7300E-01	6.9840E+12	2.8390E-01	9.7150E+12	3.9700E-01	8.6620E+11	3.3200E-02	3.1600E+11	1.3000E-02	0.0000E+00	0.0000E+00	2.4620E+13
4000	5.6500E+12	2.6880E-01	5.9960E+12	2.8520E-01	8.6690E+12	4.1240E-01	4.0540E+11	1.9300E-02	3.0080E+11	1.4300E-02	0.0000E+00	0.0000E+00	2.1020E+13
4250	4.5200E+12	2.8070E-01	4.6440E+12	2.8470E-01	6.6560E+12	4.0650E-01	2.0270E+11	9.6000E-03	2.8190E+11	1.8500E-02	0.0000E+00	0.0000E+00	1.6310E+13
4500	3.3900E+12	2.9250E-01	3.2930E+12	2.8420E-01	4.6430E+12	4.0070E-01	0.0000E+00	0.0000E+00	2.6290E+11	2.2700E-02	0.0000E+00	0.0000E+00	1.1590E+13
4750	2.4740E+12	3.0580E-01	2.1290E+12	2.4090E-01	3.4300E+12	4.2730E-01	0.0000E+00	0.0000E+00	2.0380E+11	2.6100E-02	0.0000E+00	0.0000E+00	8.2370E+12
5000	1.5590E+12	3.1910E-01	9.6500E+11	1.9750E-01	2.2170E+12	4.5380E-01	0.0000E+00	0.0000E+00	1.4480E+11	2.9600E-02	0.0000E+00	0.0000E+00	4.8860E+12
5250	8.2700E+11	2.7720E-01	4.8250E+11	9.8700E-02	1.2300E+12	5.2880E-01	0.0000E+00	0.0000E+00	1.0490E+11	9.5200E-02	0.0000E+00	0.0000E+00	2.6450E+12
5500	9.5050E+10	2.3540E-01	0.0000E+00	0.0000E+00	2.4380E+11	6.0370E-01	0.0000E+00	0.0000E+00	6.4960E+10	1.6090E-01	0.0000E+00	0.0000E+00	4.0380E+11
