.3520000E+02
.3509700E+02
.3492600E+02
.3479450E+02
.3469400E+02
.3463000E+02
.3459501E+02
.3458100E+02
.3458200E+02
.3459400E+02
.3461400E+02
.3463400E+02
.3465300E+02
.3467200E+02
.3468600E+02
.3469800E+02
.3471000E+02
.3472000E+02
.3472600E+02
.3473300E+02
.3473700E+02
.3474000E+02
.3474300E+02
.3474500E+02
.3474700E+02
.3474700E+02
.3474600E+02
.3474600E+02
.3474500E+02
.3474500E+02
.3474400E+02
.3474400E+02
.3474300E+02
.3474200E+02
.3474100E+02
.3474000E+02
.3473900E+02
.3473800E+02
.3473700E+02
.3473600E+02
