.1990000E+02
.1483900E+02
.1196900E+02
.1017050E+02
.8715000E+01
.7548500E+01
.6634501E+01
.5888500E+01
.5263500E+01
.4741500E+01
.4316500E+01
.3970000E+01
.3679000E+01
.3431000E+01
.3212000E+01
.3028400E+01
.2867200E+01
.2706000E+01
.2584000E+01
.2462000E+01
.2359600E+01
.2276800E+01
.2194000E+01
.2111200E+01
.2028400E+01
.1956700E+01
.1896100E+01
.1835500E+01
.1774900E+01
.1714300E+01
.1658000E+01
.1606000E+01
.1554000E+01
.1502000E+01
.1450000E+01
.1400400E+01
.1353200E+01
.1306000E+01
.1258800E+01
.1211600E+01
