0.055
0.055
0.097
0.132
0.167
0.167
0.16
0.146
0.118
0.111
0.09
0.104
0.125
0.181
0.181
0.146
0.16
0.125
-0.1249
0.097
0.111
0.174
0.209
0.202
0.118
0.153
0.152
0.145
0.117
0.111
0.083
0.069
0.048
0.034
0.02
0.02
0.048
0.027
-0.015
-0.022
-0.022
-0.05
-0.064
-0.071
-0.463
-0.218
-0.134
-0.078
-0.071
-0.071
-0.4826
-0.198
-0.1
-0.044
-0.044
-0.051
-0.051
-0.044
-0.044
-0.03
-0.009
0.013
0.041
0.062
0.076
0.013
-0.2572
-0.05
0.075
0.089
-0.0685
0.124
0.215
0.194
0.18
0.096
0.117
0.131
0.012
0.075
0.123
0.13
0.144
0.172
0.165
0.13
0.124
0.111
0.083
0
0.035
0.029
0.044
0.065
0.101
0.102
0.085
0.062
0.052
0.0395
0.0155
0.0055
-0.0045
0.0135
0.0465
0.0855
0.0645
0.053
0.0135
-0.0215
-0.054
-0.0655
-0.078
-0.098
-0.1015
-0.092
-0.0725
-0.0935
-0.383
-0.2165
-0.1315
-0.154
-0.167
-0.1765
-0.1825
-0.184
-0.159
-0.1445
-0.1555
-0.16
-0.171
-0.194
-0.2345
-0.2385
-0.2625
-0.2805
-0.311
-0.5855
-0.419
-0.3235
-0.367
-0.3615
-0.4174
-0.398
-0.413
-0.441
-0.444
-0.5871
-0.4935
-0.4815
-0.3785
-0.3695
-0.3445
-0.362
-0.402
-0.426
-0.44
-0.453
-0.451
-0.5442
-0.4775
-0.4435
-0.431
-0.452
-0.473
-0.473
-0.4625
-0.457
-0.444
-0.4125
-0.3715
-0.3505
-0.382
-0.4135
-0.447
-0.463
-0.449
-0.442
-0.435
-0.407
-0.357
-0.3865
-0.3655
-0.3705
-0.418
-0.474
-0.4995
-0.5205
-0.5355
-0.5505
-0.522
-0.5037
-0.465
-0.51
-0.5835
-0.583
-0.6545
-0.6961
-0.7573
-0.8368
-0.8477
-0.8027
-0.7703
-0.806
-0.8352
-0.8472
-0.8825
-0.8697
-0.9096
-0.9241
-0.978
-0.9592
-0.919
-0.8084
-0.7529
-0.7137
-0.6997
-0.9137
-0.9652
-0.9116
-0.8968
-0.9188
-0.8876
-0.8125
-0.7762
-0.7952
-0.9165
-1
-0.9603
-0.9372
-0.9077
-0.9066
-0.8788
-0.8164
-0.8005
-0.791
-0.8099
-0.8288
-0.8477
-0.8666
-0.8855
-0.9044
-0.9233
-0.9422
-0.9611
-0.98
-0.975
-0.97
-0.965
-0.96
-0.955
-0.95
-0.945
-0.94
-0.935
-0.93
-0.94667
-0.96333
-0.98
-0.99667
-1.01333
-1.03
-1.04667
-1.06333
-1.08
-1.08273
-1.08545
-1.08818
-1.09091
-1.09364
-1.09636
-1.09909
-1.10182
-1.10455
-1.10727
-1.11
-1.095
-1.08
-1.065
-1.05
-1.035
-1.02
-1.005
-0.99
-0.975
-0.96
-0.933
-0.906
-0.879
-0.852
-0.825
-0.798
-0.771
-0.744
-0.717
-0.69
-0.67
-0.65
-0.63
-0.61
-0.59
-0.57
-0.55
-0.53
-0.51
-0.49
-0.478
-0.466
-0.454
-0.442
-0.43
-0.418
-0.406
-0.394
-0.382
-0.37
-0.359
-0.348
-0.337
-0.326
-0.315
-0.304
-0.293
-0.282
-0.271
-0.26
-0.257
-0.254
-0.251
-0.248
-0.245
-0.242
-0.239
-0.236
-0.233
-0.23

