0.055
0.055
0.055
0.055
0.055
0.055
0.055
0.055
0.055
0.055
0.055
0.055
0.055
0.055
0.055
0.055
0.055
0.097
0.132
0.167
0.167
0.16
0.146
0.118
0.111
0.09
0.104
0.125
0.181
0.181
0.146
0.16
0.125
-0.1249
0.097
0.111
0.174
0.209
0.202
0.118
0.153
0.152
0.145
0.117
0.111
0.083
0.069
0.048
0.034
0.02
0.02
0.048
0.027
-0.015
-0.022
-0.022
-0.05
-0.064
-0.071
-0.463
-0.218
-0.134
-0.078
-0.071
-0.071
-0.4826
-0.198
-0.1
-0.044
-0.044
-0.051
-0.051
-0.044
-0.044
-0.03
-0.009
0.013
0.041
0.062
0.076
0.013
-0.2572
-0.05
0.075
0.089
-0.0685
0.124
0.215
0.194
0.18
0.096
0.117
0.131
0.012
0.075
0.123
0.13
0.144
0.172
0.165
0.13
0.124
0.111
0.083
0
0.035
0.029
0.044
0.065
0.101
0.102
0.085
0.062
0.052
0.0395
0.0155
0.0055
-0.0045
0.0135
0.0465
0.0855
0.0645
0.053
0.0135
-0.0215
-0.054
-0.0655
-0.078
-0.098
-0.1015
-0.092
-0.0725
-0.0935
-0.383
-0.2165
-0.1315
-0.154
-0.167
-0.1765
-0.1825
-0.184
-0.159
-0.1445
-0.1555
-0.16
-0.171
-0.194
-0.2345
-0.2385
-0.2625
-0.2805
-0.311
-0.5855
-0.419
-0.3235
-0.367
-0.3615
-0.4174
-0.398
-0.413
-0.441
-0.444
-0.5871
-0.4935
-0.4815
-0.3785
-0.3695
-0.3445
-0.362
-0.402
-0.426
-0.44
-0.453
-0.451
-0.5442
-0.4775
-0.4435
-0.431
-0.452
-0.473
-0.473
-0.4625
-0.457
-0.444
-0.4125
-0.3715
-0.3505
-0.382
-0.4135
-0.447
-0.463
-0.449
-0.442
-0.435
-0.407
-0.357
-0.3865
-0.3655
-0.3705
-0.418
-0.474
-0.4995
-0.5205
-0.5355
-0.5505
-0.522
-0.5037
-0.465
-0.51
-0.5835
-0.583
-0.6545
-0.6961
-0.7573
-0.8368
-0.8477
-0.8027
-0.7703
-0.806
-0.8352
-0.8472
-0.8825
-0.8697
-0.9096
-0.9241
-0.978
-0.9592
-0.919
-0.8084
-0.7529
-0.7137
-0.6997
-0.9137
-0.9652
-0.9116
-0.8968
-0.9188
-0.8876
-0.8125
-0.7762
-0.7952
-0.9165
-1
-0.9603
-0.9372
-0.9077
-0.9066
-0.8788
-0.8164
-0.8005
-0.791
-0.8069
-0.8228
-0.8387
-0.8546
-0.8705
-0.8864
-0.9023
-0.9182
-0.9341
-0.95
-1.004
-1.058
-1.112
-1.166
-1.22
-1.274
-1.328
-1.382
-1.436
-1.49
-1.516
-1.542
-1.568
-1.594
-1.62
-1.646
-1.672
-1.698
-1.724
-1.75
-1.737
-1.724
-1.711
-1.698
-1.685
-1.672
-1.659
-1.646
-1.633
-1.62
-1.61
-1.6
-1.59
-1.58
-1.57
-1.56
-1.55
-1.54
-1.53
-1.52
-1.48
-1.44
-1.4
-1.36
-1.32
-1.28
-1.24
-1.2
-1.16
-1.12
-1.08
-1.04
-1
-0.96
-0.92
-0.88
-0.84
-0.8
-0.76
-0.72
-0.697
-0.674
-0.651
-0.628
-0.605
-0.582
-0.559
-0.536
-0.513
-0.49
-0.473
-0.456
-0.439
-0.422
-0.405
-0.388
-0.371
-0.354
-0.337
-0.32
-0.308
-0.296
-0.284
-0.272
-0.26
-0.248
-0.236
-0.224
-0.212
-0.2
-0.2
-0.2
-0.2
-0.2
-0.2
-0.2
-0.2
-0.2
-0.2
-0.2
-0.2
-0.2
-0.2
-0.2
-0.2
-0.2
-0.2
-0.2
-0.2
-0.2
-0.2
-0.2
-0.2
-0.2
-0.2
-0.2
-0.2
-0.2
-0.2
-0.2
-0.2
-0.2
-0.2
-0.2
-0.2
-0.2
-0.2
-0.2
-0.2
-0.2
-0.2
-0.2
-0.2
-0.2
-0.2
-0.2
-0.2
-0.2
-0.2
-0.2
-0.2
-0.2
-0.2
-0.2
-0.2
-0.2
-0.2
-0.2
-0.2
-0.2
-0.2
-0.2
-0.2
-0.2
-0.2
-0.2
-0.2
-0.2
-0.2
-0.2
-0.2
-0.2
-0.2
-0.2
-0.2
-0.2
-0.2
-0.2
-0.2
-0.2
-0.2
-0.2
-0.2
-0.2
-0.2
-0.2
-0.2
-0.2
-0.2
-0.2
-0.2
-0.2
-0.2
-0.2
-0.2
-0.2
-0.2
-0.2
-0.2
-0.2
-0.2
-0.2
-0.2
-0.2
-0.2
-0.2
-0.2
-0.2
-0.2
-0.2
-0.2
-0.2
-0.2
-0.2
-0.2
-0.2
-0.2
-0.2
-0.2
-0.2
-0.2
-0.2
-0.2
-0.2
-0.2
-0.2
-0.2
-0.2
-0.2
-0.2
-0.2
-0.2
-0.2
-0.2
-0.2
-0.2
-0.2
-0.2
-0.2
-0.2
-0.2
-0.2
-0.2
-0.2
-0.2
-0.2
-0.2
-0.2
-0.2
-0.2
-0.2
-0.2
-0.2
-0.2
-0.2
-0.2
-0.2
-0.2
-0.2
-0.2
-0.2
-0.2
-0.2
-0.2
-0.2
-0.2
-0.2
-0.2
-0.2
-0.2
-0.2
-0.2
-0.2
-0.2
-0.2
-0.2
-0.2
-0.2
-0.2
-0.2
-0.2
-0.2
-0.2
-0.2
-0.2
-0.2
-0.2
-0.2
-0.2
-0.2
-0.2
-0.2
-0.2
-0.2
-0.2
-0.2
-0.2
-0.2
-0.2
-0.2
-0.2
-0.2
-0.2
-0.2
-0.2
-0.2
-0.2
-0.2
-0.2
-0.2
-0.2
-0.2
-0.2
-0.2
-0.2
-0.2
-0.2
-0.2
-0.2
-0.2
-0.2
-0.2
-0.2
-0.2
-0.2
-0.2
-0.2
-0.2
-0.2
-0.2
-0.2
-0.2
-0.2
-0.2
-0.2
-0.2
-0.2
-0.2
-0.2
-0.2
-0.2
-0.2
-0.2
-0.2
-0.2
-0.2
-0.2
-0.2
-0.2
-0.2
-0.2
-0.2
-0.2
-0.2
-0.2
-0.2
-0.2
-0.2
-0.2
-0.2
-0.2
-0.2
-0.2
-0.2
-0.2
-0.2
-0.2
-0.2
-0.2
-0.2
-0.2
-0.2
-0.2
-0.2
-0.2
-0.2
-0.2
-0.2
-0.2
-0.2
-0.2
-0.2
-0.2
-0.2
-0.2
-0.2
-0.2
-0.2
-0.2
-0.2
-0.2
-0.2
-0.2
-0.2
-0.2
-0.2
-0.2
-0.2
-0.2
-0.2
-0.2
-0.2
-0.2
-0.2
-0.2
-0.2
-0.2
-0.2
-0.2
-0.2
-0.2
-0.2
-0.2
-0.2
-0.2
-0.2
-0.2
-0.2
-0.2
-0.2
-0.2
-0.2
-0.2
-0.2
-0.2
-0.2
-0.2
-0.2
-0.2
-0.2
-0.2
-0.2
-0.2
-0.2
-0.2
-0.2
-0.2
-0.2
-0.2
-0.2
-0.2
-0.2
-0.2
-0.2
-0.2
-0.2
-0.2
-0.2
-0.2
-0.2
-0.2
-0.2
-0.2
-0.2
-0.2
-0.2
-0.2
-0.2
-0.2
-0.2
-0.2
-0.2
-0.2
-0.2
-0.2
-0.2
-0.2
-0.2
-0.2
-0.2
-0.2
-0.2
-0.2
-0.2
-0.2
-0.2
-0.2
-0.2
-0.2
-0.2
-0.2
-0.2
-0.2
-0.2
-0.2
-0.2
-0.2
-0.2
-0.2
-0.2
-0.2
-0.2
-0.2
-0.2
-0.2
-0.2
-0.2
-0.2
-0.2
-0.2
-0.2
-0.2
-0.2
-0.2
-0.2
-0.2
-0.2
-0.2
-0.2
-0.2
-0.2
-0.2
-0.2
-0.2
-0.2
-0.2
-0.2
-0.2
-0.2
-0.2
-0.2
-0.2
-0.2
-0.2
-0.2
-0.2
-0.2
-0.2
-0.2
-0.2
-0.2
-0.2
-0.2
-0.2
-0.2
-0.2
-0.2
-0.2
-0.2
-0.2
-0.2
-0.2
-0.2
-0.2
-0.2
-0.2
-0.2
-0.2
-0.2
-0.2
-0.2
-0.2
-0.2
-0.2
-0.2
-0.2
-0.2
-0.2
-0.2
-0.2
-0.2
-0.2
-0.2
-0.2
-0.2
-0.2
-0.2
-0.2
-0.2
-0.2
-0.2
-0.2
-0.2
-0.2
-0.2
-0.2
-0.2
-0.2
-0.2
-0.2
-0.2
-0.2
-0.2
-0.2
-0.2
-0.2
-0.2
-0.2
-0.2
-0.2
-0.2
-0.2
-0.2
-0.2
-0.2
-0.2
-0.2
-0.2
-0.2
-0.2
-0.2
-0.2
-0.2
-0.2
-0.2
-0.2
-0.2
-0.2
-0.2
-0.2
-0.2
-0.2
-0.2
-0.2
-0.2
-0.2
-0.2
-0.2
-0.2
-0.2
-0.2
-0.2
-0.2
-0.2
-0.2
-0.2
-0.2
-0.2
-0.2
-0.2
-0.2
-0.2
-0.2
-0.2
-0.2
-0.2
-0.2
-0.2
-0.2
-0.2
-0.2
-0.2
-0.2
-0.2
-0.2
-0.2
-0.2
-0.2
-0.2
-0.2
-0.2
-0.2
-0.2
-0.2
-0.2
-0.2
-0.2
-0.2
-0.2
-0.2
-0.2
-0.2
-0.2
-0.2
-0.2
-0.2
-0.2
-0.2
-0.2
-0.2
-0.2
-0.2
-0.2
-0.2
-0.2
-0.2
-0.2
-0.2
-0.2
-0.2
-0.2
-0.2
-0.2
-0.2
-0.2
-0.2
-0.2
-0.2
-0.2
-0.2
-0.2
-0.2
-0.2
-0.2
-0.2
-0.2
-0.2
-0.2
-0.2
-0.2
-0.2
-0.2
-0.2
-0.2
-0.2
-0.2
-0.2
-0.2
-0.2
-0.2
-0.2
-0.2
-0.2
-0.2
-0.2
-0.2
-0.2
-0.2
-0.2
-0.2
-0.2
-0.2
-0.2
-0.2
-0.2
-0.2
-0.2
-0.2
-0.2
-0.2
-0.2
-0.2
-0.2
-0.2
-0.2
-0.2
-0.2
-0.2
-0.2
-0.2
-0.2
-0.2
-0.2
-0.2
-0.2
-0.2
-0.2
-0.2
-0.2
-0.2
-0.2
-0.2
-0.2
-0.2
-0.2
-0.2
-0.2
-0.2
-0.2
-0.2
-0.2
-0.2
-0.2
-0.2
-0.2
-0.2
-0.2
-0.2
-0.2
-0.2
-0.2
-0.2
-0.2
-0.2
-0.2
-0.2
-0.2
-0.2
-0.2
-0.2
-0.2
-0.2
-0.2
-0.2
-0.2
-0.2
-0.2
-0.2
-0.2
-0.2
-0.2
-0.2
-0.2
-0.2
-0.2
-0.2
-0.2
-0.2
-0.2
-0.2
-0.2
-0.2
-0.2
-0.2
-0.2
-0.2
-0.2
-0.2
-0.2
-0.2
-0.2
-0.2
-0.2
-0.2
-0.2
-0.2
-0.2
-0.2
-0.2
-0.2
-0.2
-0.2
-0.2
-0.2
-0.2
-0.2
-0.2
-0.2
-0.2
-0.2
-0.2
-0.2
-0.2
-0.2
-0.2
-0.2
-0.2
-0.2
-0.2
-0.2
-0.2
-0.2
-0.2
-0.2
-0.2
-0.2
-0.2
-0.2
-0.2
-0.2
-0.2
-0.2
-0.2
-0.2
-0.2
-0.2
-0.2
-0.2
-0.2
-0.2
-0.2
-0.2
-0.2
-0.2
-0.2
-0.2
-0.2
-0.2
-0.2
-0.2
-0.2
-0.2
-0.2
-0.2
-0.2
-0.2
-0.2
-0.2
-0.2
-0.2
-0.2
-0.2
-0.2
-0.2
-0.2
-0.2
-0.2
-0.2
-0.2
-0.2
-0.2
-0.2
-0.2
-0.2
-0.2
-0.2
-0.2
-0.2
-0.2
-0.2
-0.2
-0.212
-0.224
-0.236
-0.248
-0.26
-0.272
-0.284
-0.296
-0.308
-0.32
-0.337
-0.354
-0.371
-0.388
-0.405
-0.422
-0.439
-0.456
-0.473
-0.49
-0.513
-0.536
-0.559
-0.582
-0.605
-0.628
-0.651
-0.674
-0.697
-0.72
-0.76
-0.8
-0.84
-0.88
-0.92
-0.96
-1
-1.04
-1.08
-1.12
-1.16
-1.2
-1.24
-1.28
-1.32
-1.36
-1.4
-1.44
-1.48
-1.52
-1.53
-1.54
-1.55
-1.56
-1.57
-1.58
-1.59
-1.6
-1.61
-1.62
-1.633
-1.646
-1.659
-1.672
-1.685
-1.698
-1.711
-1.724
-1.737
-1.75
-1.724
-1.698
-1.672
-1.646
-1.62
-1.594
-1.568
-1.542
-1.516
-1.49
-1.436
-1.382
-1.328
-1.274
-1.22
-1.166
-1.112
-1.058
-1.004
-0.95
-0.9341
-0.9182
-0.9023
-0.8864
-0.8705
-0.8546
-0.8387
-0.8228
-0.8069
-0.791
-0.8005
-0.8164
-0.8788
-0.9066
-0.9077
-0.9372
-0.9603
-1
-0.9165
-0.7952
-0.7762
-0.8125
-0.8876
-0.9188
-0.8968
-0.9116
-0.9652
-0.9137
-0.6997
-0.7137
-0.7529
-0.8084
-0.919
-0.9592
-0.978
-0.9241
-0.9096
-0.8697
-0.8825
-0.8472
-0.8352
-0.806
-0.7703
-0.8027
-0.8477
-0.8368
-0.7573
-0.6961
-0.6545
-0.583
-0.5835
-0.51
-0.465
-0.5037
-0.522
-0.5505
-0.5355
-0.5205
-0.4995
-0.474
-0.418
-0.3705
-0.3655
-0.3865
-0.357
-0.407
-0.435
-0.442
-0.449
-0.463
-0.447
-0.4135
-0.382
-0.3505
-0.3715
-0.4125
-0.444
-0.457
-0.4625
-0.473
-0.473
-0.452
-0.431
-0.4435
-0.4775
-0.5442
-0.451
-0.453
-0.44
-0.426
-0.402
-0.362
-0.3445
-0.3695
-0.3785
-0.4815
-0.4935
-0.5871
-0.444
-0.441
-0.413
-0.398
-0.4174
-0.3615
-0.367
-0.3235
-0.419
-0.5855
-0.311
-0.2805
-0.2625
-0.2385
-0.2345
-0.194
-0.171
-0.16
-0.1555
-0.1445
-0.159
-0.184
-0.1825
-0.1765
-0.167
-0.154
-0.1315
-0.2165
-0.383
-0.0935
-0.0725
-0.092
-0.1015
-0.098
-0.078
-0.0655
-0.054
-0.0215
0.0135
0.053
0.0645
0.0855
0.0465
0.0135
-0.0045
0.0055
0.0155
0.0395
0.052
0.062
0.085
0.102
0.101
0.065
0.044
0.029
0.035
0
0.083
0.111
0.124
0.13
0.165
0.172
0.144
0.13
0.123
0.075
0.012
0.131
0.117
0.096
0.18
0.194
0.215
0.124
-0.0685
0.089
0.075
-0.05
-0.2572
0.013
0.076
0.062
0.041
0.013
-0.009
-0.03
-0.044
-0.044
-0.051
-0.051
-0.044
-0.044
-0.1
-0.198
-0.4826
-0.071
-0.071
-0.078
-0.134
-0.218
-0.463
-0.071
-0.064
-0.05
-0.022
-0.022
-0.015
0.027
0.048
0.02
0.02
0.034
0.048
0.069
0.083
0.111
0.117
0.145
0.152
0.153
0.118
0.202
0.209
0.174
0.111
0.097
-0.1249
0.125
0.16
0.146
0.181
0.181
0.125
0.104
0.09
0.111
0.118
0.146
0.16
0.167
0.167
0.132
0.097
0.055
0.055
0.055
0.055
0.055
0.055
0.055
0.055
0.055
0.055
0.055
0.055
0.055
0.055
0.055
0.055
0.055
