   5.5000000e-02
   5.5000000e-02
   5.5000000e-02
   5.5000000e-02
   5.5000000e-02
   5.5000000e-02
   5.5000000e-02
   5.5000000e-02
   5.5000000e-02
   5.5000000e-02
   5.5000000e-02
   5.5000000e-02
   5.5000000e-02
   5.5000000e-02
   5.5000000e-02
   5.5000000e-02
   5.5000000e-02
   9.7000000e-02
   1.3200000e-01
   1.6700000e-01
   1.6700000e-01
   1.6000000e-01
   1.4600000e-01
   1.1800000e-01
   1.1100000e-01
   9.0000000e-02
   1.0400000e-01
   1.2500000e-01
   1.8100000e-01
   1.8100000e-01
   1.4600000e-01
   1.6000000e-01
   1.2500000e-01
  -1.2490000e-01
   9.7000000e-02
   1.1100000e-01
   1.7400000e-01
   2.0900000e-01
   2.0200000e-01
   1.1800000e-01
   1.5300000e-01
   1.5200000e-01
   1.4500000e-01
   1.1700000e-01
   1.1100000e-01
   8.3000000e-02
   6.9000000e-02
   4.8000000e-02
   3.4000000e-02
   2.0000000e-02
   2.0000000e-02
   4.8000000e-02
   2.7000000e-02
  -1.5000000e-02
  -2.2000000e-02
  -2.2000000e-02
  -5.0000000e-02
  -6.4000000e-02
  -7.1000000e-02
  -4.6300000e-01
  -2.1800000e-01
  -1.3400000e-01
  -7.8000000e-02
  -7.1000000e-02
  -7.1000000e-02
  -4.8260000e-01
  -1.9800000e-01
  -1.0000000e-01
  -4.4000000e-02
  -4.4000000e-02
  -5.1000000e-02
  -5.1000000e-02
  -4.4000000e-02
  -4.4000000e-02
  -3.0000000e-02
  -9.0000000e-03
   1.3000000e-02
   4.1000000e-02
   6.2000000e-02
   7.6000000e-02
   1.3000000e-02
  -2.5720000e-01
  -5.0000000e-02
   7.5000000e-02
   8.9000000e-02
  -6.8500000e-02
   1.2400000e-01
   2.1500000e-01
   1.9400000e-01
   1.8000000e-01
   9.6000000e-02
   1.1700000e-01
   1.3100000e-01
   1.2000000e-02
   7.5000000e-02
   1.2300000e-01
   1.3000000e-01
   1.4400000e-01
   1.7200000e-01
   1.6500000e-01
   1.3000000e-01
   1.2400000e-01
   1.1100000e-01
   8.3000000e-02
   0.0000000e+00
   3.5000000e-02
   2.9000000e-02
   4.4000000e-02
   6.5000000e-02
   1.0100000e-01
   1.0200000e-01
   8.5000000e-02
   6.2000000e-02
   5.2000000e-02
   3.9500000e-02
   1.5500000e-02
   5.5000000e-03
  -4.5000000e-03
   1.3500000e-02
   4.6500000e-02
   8.5500000e-02
   6.4500000e-02
   5.3000000e-02
   1.3500000e-02
  -2.1500000e-02
  -5.4000000e-02
  -6.5500000e-02
  -7.8000000e-02
  -9.8000000e-02
  -1.0150000e-01
  -9.2000000e-02
  -7.2500000e-02
  -9.3500000e-02
  -3.8300000e-01
  -2.1650000e-01
  -1.3150000e-01
  -1.5400000e-01
  -1.6700000e-01
  -1.7650000e-01
  -1.8250000e-01
  -1.8400000e-01
  -1.5900000e-01
  -1.4450000e-01
  -1.5550000e-01
  -1.6000000e-01
  -1.7100000e-01
  -1.9400000e-01
  -2.3450000e-01
  -2.3850000e-01
  -2.6250000e-01
  -2.8050000e-01
  -3.1100000e-01
  -5.8550000e-01
  -4.1900000e-01
  -3.2350000e-01
  -3.6700000e-01
  -3.6150000e-01
  -4.1740000e-01
  -3.9800000e-01
  -4.1300000e-01
  -4.4100000e-01
  -4.4400000e-01
  -5.8710000e-01
  -4.9350000e-01
  -4.8150000e-01
  -3.7850000e-01
  -3.6950000e-01
  -3.4450000e-01
  -3.6200000e-01
  -4.0200000e-01
  -4.2600000e-01
  -4.4000000e-01
  -4.5300000e-01
  -4.5100000e-01
  -5.4420000e-01
  -4.7750000e-01
  -4.4350000e-01
  -4.3100000e-01
  -4.5200000e-01
  -4.7300000e-01
  -4.7300000e-01
  -4.6250000e-01
  -4.5700000e-01
  -4.4400000e-01
  -4.1250000e-01
  -3.7150000e-01
  -3.5050000e-01
  -3.8200000e-01
  -4.1350000e-01
  -4.4700000e-01
  -4.6300000e-01
  -4.4900000e-01
  -4.4200000e-01
  -4.3500000e-01
  -4.0700000e-01
  -3.5700000e-01
  -3.8650000e-01
  -3.6550000e-01
  -3.7050000e-01
  -4.1800000e-01
  -4.7400000e-01
  -4.9950000e-01
  -5.2050000e-01
  -5.3550000e-01
  -5.5050000e-01
  -5.2200000e-01
  -5.0370000e-01
  -4.6500000e-01
  -5.1000000e-01
  -5.8350000e-01
  -5.8300000e-01
  -6.5450000e-01
  -6.9610000e-01
  -7.5730000e-01
  -8.3680000e-01
  -8.4770000e-01
  -8.0270000e-01
  -7.7030000e-01
  -8.0600000e-01
  -8.3520000e-01
  -8.4720000e-01
  -8.8250000e-01
  -8.6970000e-01
  -9.0960000e-01
  -9.2410000e-01
  -9.7800000e-01
  -9.5920000e-01
  -9.1900000e-01
  -8.0840000e-01
  -7.5290000e-01
  -7.1370000e-01
  -6.9970000e-01
  -9.1370000e-01
  -9.6520000e-01
  -9.1160000e-01
  -8.9680000e-01
  -9.1880000e-01
  -8.8760000e-01
  -8.1250000e-01
  -7.7620000e-01
  -7.9520000e-01
  -9.1650000e-01
  -1.0000000e+00
  -9.6030000e-01
  -9.3720000e-01
  -9.0770000e-01
  -9.0660000e-01
  -8.7880000e-01
  -8.1640000e-01
  -8.0050000e-01
  -7.9100000e-01
  -8.0990000e-01
  -8.2880000e-01
  -8.4770000e-01
  -8.6660000e-01
  -8.8550000e-01
  -9.0440000e-01
  -9.2330000e-01
  -9.4220000e-01
  -9.6110000e-01
  -9.8000000e-01
  -9.7500000e-01
  -9.7000000e-01
  -9.6500000e-01
  -9.6000000e-01
  -9.5500000e-01
  -9.5000000e-01
  -9.4500000e-01
  -9.4000000e-01
  -9.3500000e-01
  -9.3000000e-01
  -9.4667000e-01
  -9.6333000e-01
  -9.8000000e-01
  -9.9667000e-01
  -1.0133300e+00
  -1.0300000e+00
  -1.0466700e+00
  -1.0633300e+00
  -1.0800000e+00
  -1.0827300e+00
  -1.0854500e+00
  -1.0881800e+00
  -1.0909100e+00
  -1.0936400e+00
  -1.0963600e+00
  -1.0990900e+00
  -1.1018200e+00
  -1.1045500e+00
  -1.1072700e+00
  -1.1100000e+00
  -1.0950000e+00
  -1.0800000e+00
  -1.0650000e+00
  -1.0500000e+00
  -1.0350000e+00
  -1.0200000e+00
  -1.0050000e+00
  -9.9000000e-01
  -9.7500000e-01
  -9.6000000e-01
  -9.3300000e-01
  -9.0600000e-01
  -8.7900000e-01
  -8.5200000e-01
  -8.2500000e-01
  -7.9800000e-01
  -7.7100000e-01
  -7.4400000e-01
  -7.1700000e-01
  -6.9000000e-01
  -6.7000000e-01
  -6.5000000e-01
  -6.3000000e-01
  -6.1000000e-01
  -5.9000000e-01
  -5.7000000e-01
  -5.5000000e-01
  -5.3000000e-01
  -5.1000000e-01
  -4.9000000e-01
  -4.7800000e-01
  -4.6600000e-01
  -4.5400000e-01
  -4.4200000e-01
  -4.3000000e-01
  -4.1800000e-01
  -4.0600000e-01
  -3.9400000e-01
  -3.8200000e-01
  -3.7000000e-01
  -3.5900000e-01
  -3.4800000e-01
  -3.3700000e-01
  -3.2600000e-01
  -3.1500000e-01
  -3.0400000e-01
  -2.9300000e-01
  -2.8200000e-01
  -2.7100000e-01
  -2.6000000e-01
  -2.5700000e-01
  -2.5400000e-01
  -2.5100000e-01
  -2.4800000e-01
  -2.4500000e-01
  -2.4200000e-01
  -2.3900000e-01
  -2.3600000e-01
  -2.3300000e-01
  -2.3000000e-01
  -2.3000000e-01
  -2.3000000e-01
  -2.3000000e-01
  -2.3000000e-01
  -2.3000000e-01
  -2.3000000e-01
  -2.3000000e-01
  -2.3000000e-01
  -2.3000000e-01
  -2.3000000e-01
  -2.3000000e-01
  -2.3000000e-01
  -2.3000000e-01
  -2.3000000e-01
  -2.3000000e-01
  -2.3000000e-01
  -2.3000000e-01
  -2.3000000e-01
  -2.3000000e-01
  -2.3000000e-01
  -2.3000000e-01
  -2.3000000e-01
  -2.3000000e-01
  -2.3000000e-01
  -2.3000000e-01
  -2.3000000e-01
  -2.3000000e-01
  -2.3000000e-01
  -2.3000000e-01
  -2.3000000e-01
  -2.3000000e-01
  -2.3000000e-01
  -2.3000000e-01
  -2.3000000e-01
  -2.3000000e-01
  -2.3000000e-01
  -2.3000000e-01
  -2.3000000e-01
  -2.3000000e-01
  -2.3000000e-01
  -2.3000000e-01
  -2.3000000e-01
  -2.3000000e-01
  -2.3000000e-01
  -2.3000000e-01
  -2.3000000e-01
  -2.3000000e-01
  -2.3000000e-01
  -2.3000000e-01
  -2.3000000e-01
  -2.3000000e-01
  -2.3000000e-01
  -2.3000000e-01
  -2.3000000e-01
  -2.3000000e-01
  -2.3000000e-01
  -2.3000000e-01
  -2.3000000e-01
  -2.3000000e-01
  -2.3000000e-01
  -2.3000000e-01
  -2.3000000e-01
  -2.3000000e-01
  -2.3000000e-01
  -2.3000000e-01
  -2.3000000e-01
  -2.3000000e-01
  -2.3000000e-01
  -2.3000000e-01
  -2.3000000e-01
  -2.3000000e-01
  -2.3000000e-01
  -2.3000000e-01
  -2.3000000e-01
  -2.3000000e-01
  -2.3000000e-01
  -2.3000000e-01
  -2.3000000e-01
  -2.3000000e-01
  -2.3000000e-01
  -2.3000000e-01
  -2.3000000e-01
  -2.3000000e-01
  -2.3000000e-01
  -2.3000000e-01
  -2.3000000e-01
  -2.3000000e-01
  -2.3000000e-01
  -2.3000000e-01
  -2.3000000e-01
  -2.3000000e-01
  -2.3000000e-01
  -2.3000000e-01
  -2.3000000e-01
  -2.3000000e-01
  -2.3000000e-01
  -2.3000000e-01
  -2.3000000e-01
  -2.3000000e-01
  -2.3000000e-01
  -2.3000000e-01
  -2.3000000e-01
  -2.3000000e-01
  -2.3000000e-01
  -2.3000000e-01
  -2.3000000e-01
  -2.3000000e-01
  -2.3000000e-01
  -2.3000000e-01
  -2.3000000e-01
  -2.3000000e-01
  -2.3000000e-01
  -2.3000000e-01
  -2.3000000e-01
  -2.3000000e-01
  -2.3000000e-01
  -2.3000000e-01
  -2.3000000e-01
  -2.3000000e-01
  -2.3000000e-01
  -2.3000000e-01
  -2.3000000e-01
  -2.3000000e-01
  -2.3000000e-01
  -2.3000000e-01
  -2.3000000e-01
  -2.3000000e-01
  -2.3000000e-01
  -2.3000000e-01
  -2.3000000e-01
  -2.3000000e-01
  -2.3000000e-01
  -2.3000000e-01
  -2.3000000e-01
  -2.3000000e-01
  -2.3000000e-01
  -2.3000000e-01
  -2.3000000e-01
  -2.3000000e-01
  -2.3000000e-01
  -2.3000000e-01
  -2.3000000e-01
  -2.3000000e-01
  -2.3000000e-01
  -2.3000000e-01
  -2.3000000e-01
  -2.3000000e-01
  -2.3000000e-01
  -2.3000000e-01
  -2.3000000e-01
  -2.3000000e-01
  -2.3000000e-01
  -2.3000000e-01
  -2.3000000e-01
  -2.3000000e-01
  -2.3000000e-01
  -2.3000000e-01
  -2.3000000e-01
  -2.3000000e-01
  -2.3000000e-01
  -2.3000000e-01
  -2.3000000e-01
  -2.3000000e-01
  -2.3000000e-01
  -2.3000000e-01
  -2.3000000e-01
  -2.3000000e-01
  -2.3000000e-01
  -2.3000000e-01
  -2.3000000e-01
  -2.3000000e-01
  -2.3000000e-01
  -2.3000000e-01
  -2.3000000e-01
  -2.3000000e-01
  -2.3000000e-01
  -2.3000000e-01
  -2.3000000e-01
  -2.3000000e-01
  -2.3000000e-01
  -2.3000000e-01
  -2.3000000e-01
  -2.3000000e-01
  -2.3000000e-01
  -2.3000000e-01
  -2.3000000e-01
  -2.3000000e-01
  -2.3000000e-01
  -2.3000000e-01
  -2.3000000e-01
  -2.3000000e-01
  -2.3000000e-01
  -2.3000000e-01
  -2.3000000e-01
  -2.3000000e-01
  -2.3000000e-01
  -2.3000000e-01
  -2.3000000e-01
  -2.3000000e-01
  -2.3000000e-01
  -2.3000000e-01
  -2.3000000e-01
  -2.3000000e-01
  -2.3000000e-01
  -2.3000000e-01
  -2.3000000e-01
  -2.3000000e-01
  -2.3000000e-01
  -2.3000000e-01
  -2.3000000e-01
  -2.3000000e-01
  -2.3000000e-01
  -2.3000000e-01
  -2.3000000e-01
  -2.3000000e-01
  -2.3000000e-01
  -2.3000000e-01
  -2.3000000e-01
  -2.3000000e-01
  -2.3000000e-01
  -2.3000000e-01
  -2.3000000e-01
  -2.3000000e-01
  -2.3000000e-01
  -2.3000000e-01
  -2.3000000e-01
  -2.3000000e-01
  -2.3000000e-01
  -2.3000000e-01
  -2.3000000e-01
  -2.3000000e-01
  -2.3000000e-01
  -2.3000000e-01
  -2.3000000e-01
  -2.3000000e-01
  -2.3000000e-01
  -2.3000000e-01
  -2.3000000e-01
  -2.3000000e-01
  -2.3000000e-01
  -2.3000000e-01
  -2.3000000e-01
  -2.3000000e-01
  -2.3000000e-01
  -2.3000000e-01
  -2.3000000e-01
  -2.3000000e-01
  -2.3000000e-01
  -2.3000000e-01
  -2.3000000e-01
  -2.3000000e-01
  -2.3000000e-01
  -2.3000000e-01
  -2.3000000e-01
  -2.3000000e-01
  -2.3000000e-01
  -2.3000000e-01
  -2.3000000e-01
  -2.3000000e-01
  -2.3000000e-01
  -2.3000000e-01
  -2.3000000e-01
  -2.3000000e-01
  -2.3000000e-01
  -2.3000000e-01
  -2.3000000e-01
  -2.3000000e-01
  -2.3000000e-01
  -2.3000000e-01
  -2.3000000e-01
  -2.3000000e-01
  -2.3000000e-01
  -2.3000000e-01
  -2.3000000e-01
  -2.3000000e-01
  -2.3000000e-01
  -2.3000000e-01
  -2.3000000e-01
  -2.3000000e-01
  -2.3000000e-01
  -2.3000000e-01
  -2.3000000e-01
  -2.3000000e-01
  -2.3000000e-01
  -2.3000000e-01
  -2.3000000e-01
  -2.3000000e-01
  -2.3000000e-01
  -2.3000000e-01
  -2.3000000e-01
  -2.3000000e-01
  -2.3000000e-01
  -2.3000000e-01
  -2.3000000e-01
  -2.3000000e-01
  -2.3000000e-01
  -2.3000000e-01
  -2.3000000e-01
  -2.3000000e-01
  -2.3000000e-01
  -2.3000000e-01
  -2.3000000e-01
  -2.3000000e-01
  -2.3000000e-01
  -2.3000000e-01
  -2.3000000e-01
  -2.3000000e-01
  -2.3000000e-01
  -2.3000000e-01
  -2.3000000e-01
  -2.3000000e-01
  -2.3000000e-01
  -2.3000000e-01
  -2.3000000e-01
  -2.3000000e-01
  -2.3000000e-01
  -2.3000000e-01
  -2.3000000e-01
  -2.3000000e-01
  -2.3000000e-01
  -2.3000000e-01
  -2.3000000e-01
  -2.3000000e-01
  -2.3000000e-01
  -2.3000000e-01
  -2.3000000e-01
  -2.3000000e-01
  -2.3000000e-01
  -2.3000000e-01
  -2.3000000e-01
  -2.3000000e-01
  -2.3000000e-01
  -2.3000000e-01
  -2.3000000e-01
  -2.3000000e-01
  -2.3000000e-01
  -2.3000000e-01
  -2.3000000e-01
  -2.3000000e-01
  -2.3000000e-01
  -2.3000000e-01
  -2.3000000e-01
  -2.3000000e-01
  -2.3000000e-01
  -2.3000000e-01
  -2.3000000e-01
  -2.3000000e-01
  -2.3000000e-01
  -2.3000000e-01
  -2.3000000e-01
  -2.3000000e-01
  -2.3000000e-01
  -2.3000000e-01
  -2.3000000e-01
  -2.3000000e-01
  -2.3000000e-01
  -2.3000000e-01
  -2.3000000e-01
  -2.3000000e-01
  -2.3000000e-01
  -2.3000000e-01
  -2.3000000e-01
  -2.3000000e-01
  -2.3000000e-01
  -2.3000000e-01
  -2.3000000e-01
  -2.3000000e-01
  -2.3000000e-01
  -2.3000000e-01
  -2.3000000e-01
  -2.3000000e-01
  -2.3000000e-01
  -2.3000000e-01
  -2.3000000e-01
  -2.3000000e-01
  -2.3000000e-01
  -2.3000000e-01
  -2.3000000e-01
  -2.3000000e-01
  -2.3000000e-01
  -2.3000000e-01
  -2.3000000e-01
  -2.3000000e-01
  -2.3000000e-01
  -2.3000000e-01
  -2.3000000e-01
  -2.3000000e-01
  -2.3000000e-01
  -2.3000000e-01
  -2.3000000e-01
  -2.3000000e-01
  -2.3000000e-01
  -2.3000000e-01
  -2.3000000e-01
  -2.3000000e-01
  -2.3000000e-01
  -2.3000000e-01
  -2.3000000e-01
  -2.3000000e-01
  -2.3000000e-01
