0.055
0.055
0.097
0.132
0.167
0.167
0.16
0.146
0.118
0.111
0.09
0.104
0.125
0.181
0.181
0.146
0.16
0.125
-0.1249
0.097
0.111
0.174
0.209
0.202
0.118
0.153
0.152
0.145
0.117
0.111
0.083
0.069
0.048
0.034
0.02
0.02
0.048
0.027
-0.015
-0.022
-0.022
-0.05
-0.064
-0.071
-0.463
-0.218
-0.134
-0.078
-0.071
-0.071
-0.4826
-0.198
-0.1
-0.044
-0.044
-0.051
-0.051
-0.044
-0.044
-0.03
-0.009
0.013
0.041
0.062
0.076
0.013
-0.2572
-0.05
0.075
0.089
-0.0685
0.124
0.215
0.194
0.18
0.096
0.117
0.131
0.012
0.075
0.123
0.13
0.144
0.172
0.165
0.13
0.126
0.115
0.089
0.008
0.045
0.041
0.058
0.081
0.119
0.122
0.106
0.084
0.075
0.064
0.041
0.032
0.023
0.042
0.076
0.116
0.097
0.087
0.049
0.016
-0.015
-0.025
-0.036
-0.054
-0.056
-0.045
-0.023
-0.042
-0.329
-0.16
-0.073
-0.093
-0.104
-0.111
-0.115
-0.114
-0.086
-0.068
-0.076
-0.077
-0.085
-0.105
-0.142
-0.143
-0.164
-0.179
-0.205
-0.475
-0.304
-0.204
-0.243
-0.233
-0.2849
-0.261
-0.272
-0.296
-0.298
-0.4396
-0.345
-0.332
-0.228
-0.216
-0.188
-0.202
-0.239
-0.26
-0.274
-0.287
-0.285
-0.3777
-0.311
-0.275
-0.26
-0.279
-0.298
-0.296
-0.288
-0.285
-0.275
-0.246
-0.208
-0.178
-0.201
-0.224
-0.249
-0.257
-0.248
-0.246
-0.244
-0.221
-0.176
-0.196
-0.166
-0.162
-0.201
-0.248
-0.271
-0.289
-0.301
-0.313
-0.282
-0.2547
-0.207
-0.243
-0.308
-0.305
-0.374
-0.4086
-0.4628
-0.5373
-0.5427
-0.4952
-0.4608
-0.4905
-0.5142
-0.5167
-0.543
-0.5257
-0.5611
-0.5726
-0.623
-0.5987
-0.5535
-0.4464
-0.3839
-0.3482
-0.3412
-0.5517
-0.6032
-0.5396
-0.5183
-0.5338
-0.4991
-0.418
-0.3752
-0.3882
-0.51
-0.6841
-0.5553
-0.5332
-0.5042
-0.5036
-0.4768
-0.4149
-0.4
-0.391
-0.3939
-0.3968
-0.3997
-0.4026
-0.4055
-0.4084
-0.4113
-0.4142
-0.4171
-0.42
-0.415
-0.41
-0.405
-0.4
-0.395
-0.39
-0.385
-0.38
-0.375
-0.37
-0.382
-0.394
-0.406
-0.418
-0.43
-0.442
-0.454
-0.466
-0.478
-0.49
-0.493
-0.496
-0.499
-0.502
-0.505
-0.508
-0.511
-0.514
-0.517
-0.52
-0.511
-0.502
-0.493
-0.484
-0.475
-0.466
-0.457
-0.448
-0.439
-0.43
-0.414
-0.398
-0.382
-0.366
-0.35
-0.334
-0.318
-0.302
-0.286
-0.27
-0.259
-0.248
-0.237
-0.226
-0.215
-0.204
-0.193
-0.182
-0.171
-0.16
-0.153
-0.146
-0.139
-0.132
-0.125
-0.118
-0.111
-0.104
-0.097
-0.09
-0.084
-0.078
-0.072
-0.066
-0.06
-0.054
-0.048
-0.042
-0.036
-0.03
-0.03
-0.03
-0.03
-0.03
-0.03
-0.03
-0.03
-0.03
-0.03
-0.03

















































































































































































































































































































































