   5.5000000e-02
   5.5000000e-02
   5.5000000e-02
   5.5000000e-02
   5.5000000e-02
   5.5000000e-02
   5.5000000e-02
   5.5000000e-02
   5.5000000e-02
   5.5000000e-02
   5.5000000e-02
   5.5000000e-02
   5.5000000e-02
   5.5000000e-02
   5.5000000e-02
   5.5000000e-02
   5.5000000e-02
   9.7000000e-02
   1.3200000e-01
   1.6700000e-01
   1.6700000e-01
   1.6000000e-01
   1.4600000e-01
   1.1800000e-01
   1.1100000e-01
   9.0000000e-02
   1.0400000e-01
   1.2500000e-01
   1.8100000e-01
   1.8100000e-01
   1.4600000e-01
   1.6000000e-01
   1.2500000e-01
  -1.2490000e-01
   9.7000000e-02
   1.1100000e-01
   1.7400000e-01
   2.0900000e-01
   2.0200000e-01
   1.1800000e-01
   1.5300000e-01
   1.5200000e-01
   1.4500000e-01
   1.1700000e-01
   1.1100000e-01
   8.3000000e-02
   6.9000000e-02
   4.8000000e-02
   3.4000000e-02
   2.0000000e-02
   2.0000000e-02
   4.8000000e-02
   2.7000000e-02
  -1.5000000e-02
  -2.2000000e-02
  -2.2000000e-02
  -5.0000000e-02
  -6.4000000e-02
  -7.1000000e-02
  -4.6300000e-01
  -2.1800000e-01
  -1.3400000e-01
  -7.8000000e-02
  -7.1000000e-02
  -7.1000000e-02
  -4.8260000e-01
  -1.9800000e-01
  -1.0000000e-01
  -4.4000000e-02
  -4.4000000e-02
  -5.1000000e-02
  -5.1000000e-02
  -4.4000000e-02
  -4.4000000e-02
  -3.0000000e-02
  -9.0000000e-03
   1.3000000e-02
   4.1000000e-02
   6.2000000e-02
   7.6000000e-02
   1.3000000e-02
  -2.5720000e-01
  -5.0000000e-02
   7.5000000e-02
   8.9000000e-02
  -6.8500000e-02
   1.2400000e-01
   2.1500000e-01
   1.9400000e-01
   1.8000000e-01
   9.6000000e-02
   1.1700000e-01
   1.3100000e-01
   1.2000000e-02
   7.5000000e-02
   1.2300000e-01
   1.3000000e-01
   1.4400000e-01
   1.7200000e-01
   1.6500000e-01
   1.3000000e-01
   1.2400000e-01
   1.1100000e-01
   8.3000000e-02
   0.0000000e+00
   3.5000000e-02
   2.9000000e-02
   4.4000000e-02
   6.5000000e-02
   1.0100000e-01
   1.0200000e-01
   8.5000000e-02
   6.2000000e-02
   5.2000000e-02
   3.9500000e-02
   1.5500000e-02
   5.5000000e-03
  -4.5000000e-03
   1.3500000e-02
   4.6500000e-02
   8.5500000e-02
   6.4500000e-02
   5.3000000e-02
   1.3500000e-02
  -2.1500000e-02
  -5.4000000e-02
  -6.5500000e-02
  -7.8000000e-02
  -9.8000000e-02
  -1.0150000e-01
  -9.2000000e-02
  -7.2500000e-02
  -9.3500000e-02
  -3.8300000e-01
  -2.1650000e-01
  -1.3150000e-01
  -1.5400000e-01
  -1.6700000e-01
  -1.7650000e-01
  -1.8250000e-01
  -1.8400000e-01
  -1.5900000e-01
  -1.4450000e-01
  -1.5550000e-01
  -1.6000000e-01
  -1.7100000e-01
  -1.9400000e-01
  -2.3450000e-01
  -2.3850000e-01
  -2.6250000e-01
  -2.8050000e-01
  -3.1100000e-01
  -5.8550000e-01
  -4.1900000e-01
  -3.2350000e-01
  -3.6700000e-01
  -3.6150000e-01
  -4.1740000e-01
  -3.9800000e-01
  -4.1300000e-01
  -4.4100000e-01
  -4.4400000e-01
  -5.8710000e-01
  -4.9350000e-01
  -4.8150000e-01
  -3.7850000e-01
  -3.6950000e-01
  -3.4450000e-01
  -3.6200000e-01
  -4.0200000e-01
  -4.2600000e-01
  -4.4000000e-01
  -4.5300000e-01
  -4.5100000e-01
  -5.4420000e-01
  -4.7750000e-01
  -4.4350000e-01
  -4.3100000e-01
  -4.5200000e-01
  -4.7300000e-01
  -4.7300000e-01
  -4.6250000e-01
  -4.5700000e-01
  -4.4400000e-01
  -4.1250000e-01
  -3.7150000e-01
  -3.5050000e-01
  -3.8200000e-01
  -4.1350000e-01
  -4.4700000e-01
  -4.6300000e-01
  -4.4900000e-01
  -4.4200000e-01
  -4.3500000e-01
  -4.0700000e-01
  -3.5700000e-01
  -3.8650000e-01
  -3.6550000e-01
  -3.7050000e-01
  -4.1800000e-01
  -4.7400000e-01
  -4.9950000e-01
  -5.2050000e-01
  -5.3550000e-01
  -5.5050000e-01
  -5.2200000e-01
  -5.0370000e-01
  -4.6500000e-01
  -5.1000000e-01
  -5.8350000e-01
  -5.8300000e-01
  -6.5450000e-01
  -6.9610000e-01
  -7.5730000e-01
  -8.3680000e-01
  -8.4770000e-01
  -8.0270000e-01
  -7.7030000e-01
  -8.0600000e-01
  -8.3520000e-01
  -8.4720000e-01
  -8.8250000e-01
  -8.6970000e-01
  -9.0960000e-01
  -9.2410000e-01
  -9.7800000e-01
  -9.5920000e-01
  -9.1900000e-01
  -8.0840000e-01
  -7.5290000e-01
  -7.1370000e-01
  -6.9970000e-01
  -9.1370000e-01
  -9.6520000e-01
  -9.1160000e-01
  -8.9680000e-01
  -9.1880000e-01
  -8.8760000e-01
  -8.1250000e-01
  -7.7620000e-01
  -7.9520000e-01
  -9.1650000e-01
  -1.0000000e+00
  -9.6030000e-01
  -9.3720000e-01
  -9.0770000e-01
  -9.0660000e-01
  -8.7880000e-01
  -8.1640000e-01
  -8.0050000e-01
  -7.9100000e-01
  -8.0690000e-01
  -8.2280000e-01
  -8.3870000e-01
  -8.5460000e-01
  -8.7050000e-01
  -8.8640000e-01
  -9.0230000e-01
  -9.1820000e-01
  -9.3410000e-01
  -9.5000000e-01
  -1.0040000e+00
  -1.0580000e+00
  -1.1120000e+00
  -1.1660000e+00
  -1.2200000e+00
  -1.2740000e+00
  -1.3280000e+00
  -1.3820000e+00
  -1.4360000e+00
  -1.4900000e+00
  -1.5160000e+00
  -1.5420000e+00
  -1.5680000e+00
  -1.5940000e+00
  -1.6200000e+00
  -1.6460000e+00
  -1.6720000e+00
  -1.6980000e+00
  -1.7240000e+00
  -1.7500000e+00
  -1.7370000e+00
  -1.7240000e+00
  -1.7110000e+00
  -1.6980000e+00
  -1.6850000e+00
  -1.6720000e+00
  -1.6590000e+00
  -1.6460000e+00
  -1.6330000e+00
  -1.6200000e+00
  -1.6100000e+00
  -1.6000000e+00
  -1.5900000e+00
  -1.5800000e+00
  -1.5700000e+00
  -1.5600000e+00
  -1.5500000e+00
  -1.5400000e+00
  -1.5300000e+00
  -1.5200000e+00
  -1.4800000e+00
  -1.4400000e+00
  -1.4000000e+00
  -1.3600000e+00
  -1.3200000e+00
  -1.2800000e+00
  -1.2400000e+00
  -1.2000000e+00
  -1.1600000e+00
  -1.1200000e+00
  -1.0800000e+00
  -1.0400000e+00
  -1.0000000e+00
  -9.6000000e-01
  -9.2000000e-01
  -8.8000000e-01
  -8.4000000e-01
  -8.0000000e-01
  -7.6000000e-01
  -7.2000000e-01
  -6.9700000e-01
  -6.7400000e-01
  -6.5100000e-01
  -6.2800000e-01
  -6.0500000e-01
  -5.8200000e-01
  -5.5900000e-01
  -5.3600000e-01
  -5.1300000e-01
  -4.9000000e-01
  -4.7300000e-01
  -4.5600000e-01
  -4.3900000e-01
  -4.2200000e-01
  -4.0500000e-01
  -3.8800000e-01
  -3.7100000e-01
  -3.5400000e-01
  -3.3700000e-01
  -3.2000000e-01
  -3.0800000e-01
  -2.9600000e-01
  -2.8400000e-01
  -2.7200000e-01
  -2.6000000e-01
  -2.4800000e-01
  -2.3600000e-01
  -2.2400000e-01
  -2.1200000e-01
  -2.0000000e-01
  -2.0000000e-01
  -2.0000000e-01
  -2.0000000e-01
  -2.0000000e-01
  -2.0000000e-01
  -2.0000000e-01
  -2.0000000e-01
  -2.0000000e-01
  -2.0000000e-01
  -2.0000000e-01
  -2.0000000e-01
  -2.0000000e-01
  -2.0000000e-01
  -2.0000000e-01
  -2.0000000e-01
  -2.0000000e-01
  -2.0000000e-01
  -2.0000000e-01
  -2.0000000e-01
  -2.0000000e-01
  -2.0000000e-01
  -2.0000000e-01
  -2.0000000e-01
  -2.0000000e-01
  -2.0000000e-01
  -2.0000000e-01
  -2.0000000e-01
  -2.0000000e-01
  -2.0000000e-01
  -2.0000000e-01
  -2.0000000e-01
  -2.0000000e-01
  -2.0000000e-01
  -2.0000000e-01
  -2.0000000e-01
  -2.0000000e-01
  -2.0000000e-01
  -2.0000000e-01
  -2.0000000e-01
  -2.0000000e-01
  -2.0000000e-01
  -2.0000000e-01
  -2.0000000e-01
  -2.0000000e-01
  -2.0000000e-01
  -2.0000000e-01
  -2.0000000e-01
  -2.0000000e-01
  -2.0000000e-01
  -2.0000000e-01
  -2.0000000e-01
  -2.0000000e-01
  -2.0000000e-01
  -2.0000000e-01
  -2.0000000e-01
  -2.0000000e-01
  -2.0000000e-01
  -2.0000000e-01
  -2.0000000e-01
  -2.0000000e-01
  -2.0000000e-01
  -2.0000000e-01
  -2.0000000e-01
  -2.0000000e-01
  -2.0000000e-01
  -2.0000000e-01
  -2.0000000e-01
  -2.0000000e-01
  -2.0000000e-01
  -2.0000000e-01
  -2.0000000e-01
  -2.0000000e-01
  -2.0000000e-01
  -2.0000000e-01
  -2.0000000e-01
  -2.0000000e-01
  -2.0000000e-01
  -2.0000000e-01
  -2.0000000e-01
  -2.0000000e-01
  -2.0000000e-01
  -2.0000000e-01
  -2.0000000e-01
  -2.0000000e-01
  -2.0000000e-01
  -2.0000000e-01
  -2.0000000e-01
  -2.0000000e-01
  -2.0000000e-01
  -2.0000000e-01
  -2.0000000e-01
  -2.0000000e-01
  -2.0000000e-01
  -2.0000000e-01
  -2.0000000e-01
  -2.0000000e-01
  -2.0000000e-01
  -2.0000000e-01
  -2.0000000e-01
  -2.0000000e-01
  -2.0000000e-01
  -2.0000000e-01
  -2.0000000e-01
  -2.0000000e-01
  -2.0000000e-01
  -2.0000000e-01
  -2.0000000e-01
  -2.0000000e-01
  -2.0000000e-01
  -2.0000000e-01
  -2.0000000e-01
  -2.0000000e-01
  -2.0000000e-01
  -2.0000000e-01
  -2.0000000e-01
  -2.0000000e-01
  -2.0000000e-01
  -2.0000000e-01
  -2.0000000e-01
  -2.0000000e-01
  -2.0000000e-01
  -2.0000000e-01
  -2.0000000e-01
  -2.0000000e-01
  -2.0000000e-01
  -2.0000000e-01
  -2.0000000e-01
  -2.0000000e-01
  -2.0000000e-01
  -2.0000000e-01
  -2.0000000e-01
  -2.0000000e-01
  -2.0000000e-01
  -2.0000000e-01
  -2.0000000e-01
  -2.0000000e-01
  -2.0000000e-01
  -2.0000000e-01
  -2.0000000e-01
  -2.0000000e-01
  -2.0000000e-01
  -2.0000000e-01
  -2.0000000e-01
  -2.0000000e-01
  -2.0000000e-01
  -2.0000000e-01
  -2.0000000e-01
  -2.0000000e-01
  -2.0000000e-01
  -2.0000000e-01
  -2.0000000e-01
  -2.0000000e-01
  -2.0000000e-01
  -2.0000000e-01
  -2.0000000e-01
  -2.0000000e-01
  -2.0000000e-01
  -2.0000000e-01
  -2.0000000e-01
  -2.0000000e-01
  -2.0000000e-01
  -2.0000000e-01
  -2.0000000e-01
  -2.0000000e-01
  -2.0000000e-01
  -2.0000000e-01
  -2.0000000e-01
  -2.0000000e-01
  -2.0000000e-01
  -2.0000000e-01
  -2.0000000e-01
  -2.0000000e-01
  -2.0000000e-01
  -2.0000000e-01
  -2.0000000e-01
  -2.0000000e-01
  -2.0000000e-01
  -2.0000000e-01
  -2.0000000e-01
  -2.0000000e-01
  -2.0000000e-01
  -2.0000000e-01
  -2.0000000e-01
  -2.0000000e-01
  -2.0000000e-01
  -2.0000000e-01
  -2.0000000e-01
  -2.0000000e-01
  -2.0000000e-01
  -2.0000000e-01
  -2.0000000e-01
  -2.0000000e-01
  -2.0000000e-01
  -2.0000000e-01
  -2.0000000e-01
  -2.0000000e-01
  -2.0000000e-01
  -2.0000000e-01
  -2.0000000e-01
  -2.0000000e-01
  -2.0000000e-01
  -2.0000000e-01
  -2.0000000e-01
  -2.0000000e-01
  -2.0000000e-01
  -2.0000000e-01
  -2.0000000e-01
  -2.0000000e-01
  -2.0000000e-01
  -2.0000000e-01
  -2.0000000e-01
  -2.0000000e-01
  -2.0000000e-01
  -2.0000000e-01
  -2.0000000e-01
  -2.0000000e-01
  -2.0000000e-01
  -2.0000000e-01
  -2.0000000e-01
  -2.0000000e-01
  -2.0000000e-01
  -2.0000000e-01
  -2.0000000e-01
  -2.0000000e-01
  -2.0000000e-01
  -2.0000000e-01
  -2.0000000e-01
  -2.0000000e-01
  -2.0000000e-01
  -2.0000000e-01
  -2.0000000e-01
  -2.0000000e-01
  -2.0000000e-01
  -2.0000000e-01
  -2.0000000e-01
  -2.0000000e-01
  -2.0000000e-01
  -2.0000000e-01
  -2.0000000e-01
  -2.0000000e-01
  -2.0000000e-01
  -2.0000000e-01
  -2.0000000e-01
  -2.0000000e-01
  -2.0000000e-01
  -2.0000000e-01
  -2.0000000e-01
  -2.0000000e-01
  -2.0000000e-01
  -2.0000000e-01
  -2.0000000e-01
  -2.0000000e-01
  -2.0000000e-01
  -2.0000000e-01
  -2.0000000e-01
  -2.0000000e-01
  -2.0000000e-01
  -2.0000000e-01
  -2.0000000e-01
  -2.0000000e-01
  -2.0000000e-01
  -2.0000000e-01
  -2.0000000e-01
  -2.0000000e-01
  -2.0000000e-01
  -2.0000000e-01
  -2.0000000e-01
  -2.0000000e-01
  -2.0000000e-01
  -2.0000000e-01
  -2.0000000e-01
  -2.0000000e-01
  -2.0000000e-01
  -2.0000000e-01
  -2.0000000e-01
  -2.0000000e-01
  -2.0000000e-01
  -2.0000000e-01
  -2.0000000e-01
  -2.0000000e-01
  -2.0000000e-01
  -2.0000000e-01
  -2.0000000e-01
  -2.0000000e-01
  -2.0000000e-01
  -2.0000000e-01
  -2.0000000e-01
  -2.0000000e-01
  -2.0000000e-01
  -2.0000000e-01
  -2.0000000e-01
  -2.0000000e-01
  -2.0000000e-01
  -2.0000000e-01
  -2.0000000e-01
  -2.0000000e-01
  -2.0000000e-01
  -2.0000000e-01
  -2.0000000e-01
  -2.0000000e-01
  -2.0000000e-01
  -2.0000000e-01
  -2.0000000e-01
  -2.0000000e-01
  -2.0000000e-01
  -2.0000000e-01
  -2.0000000e-01
  -2.0000000e-01
  -2.0000000e-01
  -2.0000000e-01
  -2.0000000e-01
  -2.0000000e-01
  -2.0000000e-01
  -2.0000000e-01
  -2.0000000e-01
  -2.0000000e-01
  -2.0000000e-01
  -2.0000000e-01
  -2.0000000e-01
  -2.0000000e-01
  -2.0000000e-01
  -2.0000000e-01
  -2.0000000e-01
  -2.0000000e-01
  -2.0000000e-01
  -2.0000000e-01
  -2.0000000e-01
  -2.0000000e-01
  -2.0000000e-01
  -2.0000000e-01
  -2.0000000e-01
  -2.0000000e-01
  -2.0000000e-01
  -2.0000000e-01
  -2.0000000e-01
  -2.0000000e-01
  -2.0000000e-01
  -2.0000000e-01
  -2.0000000e-01
  -2.0000000e-01
  -2.0000000e-01
  -2.0000000e-01
  -2.0000000e-01
  -2.0000000e-01
  -2.0000000e-01
  -2.0000000e-01
  -2.0000000e-01
  -2.0000000e-01
  -2.0000000e-01
  -2.0000000e-01
  -2.0000000e-01
  -2.0000000e-01
  -2.0000000e-01
  -2.0000000e-01
  -2.0000000e-01
  -2.0000000e-01
  -2.0000000e-01
  -2.0000000e-01
  -2.0000000e-01
  -2.0000000e-01
  -2.0000000e-01
  -2.0000000e-01
  -2.0000000e-01
  -2.0000000e-01
  -2.0000000e-01
  -2.0000000e-01
  -2.0000000e-01
  -2.0000000e-01
  -2.0000000e-01
  -2.0000000e-01
  -2.0000000e-01
  -2.0000000e-01
  -2.0000000e-01
  -2.0000000e-01
  -2.0000000e-01
  -2.0000000e-01
  -2.0000000e-01
  -2.0000000e-01
  -2.0000000e-01
  -2.0000000e-01
  -2.0000000e-01
  -2.0000000e-01
  -2.0000000e-01
  -2.0000000e-01
  -2.0000000e-01
  -2.0000000e-01
  -2.0000000e-01
  -2.0000000e-01
  -2.0000000e-01
  -2.0000000e-01
  -2.0000000e-01
  -2.0000000e-01
  -2.0000000e-01
  -2.0000000e-01
  -2.0000000e-01
  -2.0000000e-01
  -2.0000000e-01
  -2.0000000e-01
  -2.0000000e-01
  -2.0000000e-01
