26.6240668095578
26.6701201898094
26.9159163807618
26.9461794459361
26.9882170779536
27.1459161597723
27.2413168653761
27.2954241498241
27.4046298599314
27.527546216829
27.5356442987834
27.582773429623
27.5244473834065
27.5408936556797
27.5345544150444
27.5563329478026
27.6966693651625
27.852234365257
27.9018248736125
27.9214652831699
27.9031326495097
27.8602735828167
27.9734218321202
28.0451214881866
28.1439957372808
28.3329393411728
28.5449225093366
28.6068503059706
28.7633956751665
28.9301750831279
29.027881265414
29.0411669073893
29.0320400549512
29.0370455657148
29.0448756796008
29.1007664523057
29.2951239787945
29.4636293599467
29.5729759594318
29.6409888771284
29.6455564107266
29.5461856863517
29.6081187912193
29.6219435839702
29.6589825939977
29.7831642572086
29.9308725291874
29.9611422279382
30.056450826494
30.1708465417884
30.2277358217173
30.2746896893666
30.3431971821172
30.4000686880081
30.5010269413372
30.5975064583782
30.8560768902419
31.0671703474195
31.2259856652054
31.3463474979062
31.4153480634719
31.393384737474
31.5288769607574
31.6137752082679
31.7336423421392
31.9289245063538
32.1595059779739
32.2512324059427
32.4101474379177
32.5729713054044
32.6967761966841
32.7944087494121
32.922916985557
33.0492430699908
33.1748049833533
33.3320536686296
33.6431257698351
33.9156054352569
34.1448744643779
34.3154372697079
34.5384868617323
34.5765470553607
34.7847018343543
34.9396318673658
35.17154733505
35.4465519872029
35.8112240203879
35.987630171626
36.231956725736
36.4934346096013
36.7234320290967
36.864199911932
37.0351950180005
37.238416081931
37.4161128509714
37.6976054242359
38.0556398330562
38.4456051226216
38.742837743102
39.0198093962344
39.2178040606388
39.3521021413133
39.6732378038215
39.9320952660388
40.4052667886716
40.8034426387929
41.2702383163335
41.5549982838306
41.8949308762854
42.3163960987151
42.7254737869744
43.0259353670739
43.2651554030525
43.6784295718106
44.0968309902291
44.5540237249734
45.1329385648704
45.6339259772471
46.0372446174792
46.4931931813111
46.7513307125126
47.1524277582272
47.8418211751289
48.2755788066699
48.5075163286929
49.1768282783121
49.5847540806188
50.0058771218662
50.4313552343549
50.9626690050232
51.6387757047019
52.1286473817846
52.6423064466125
53.2632913870591
53.6696395642653
54.1349633843038
54.7809389235523
55.4684743950621
56.3534157374754
56.8328140502334
57.5546176509654
58.0438700152671
58.4477438592158
58.6456794052168
59.2587730554573
60.0437974581442
60.6323593661399
61.2704498134569
61.9402149648975
62.8740007058258
63.5869645345723
64.0515898454049
64.4976041102197
65.4079676948066
65.8551667916374
66.6333482543161
67.6249923163525
69.1213695473949
69.2450984854364
69.9718787634301
70.6142056901337
71.4378573170568
72.4783079373523
73.9371616610221
73.5267333335337
74.1151936572952
75.6520673407118
76.8792294058646
77.0490803024616
76.277500514105
78.5111374862558
77.7348437234174
79.3676786297843
81.5646790921752
82.6385360382395
83.719636509949
83.9972601101205
87.0591688980064
88.5002563875942
90.8034926611035
90.8156039782506
90.7067193819802
90.9395617624772
92.7973706493713
95.6046046273415
97.800122967456
100.650632361012
103.403920290349
103.910856104965
105.978995830967
108.533391064856
111.459459082681
113.142995567007
116.519743594512
119.879623632253
119.626213763843
123.029610953833
128.560645405723
133.106058951022
135.541232035684
140.932620757582
145.0813251549
147.817985117501
150.261184523527
153.654280945707
159.652789574996
165.241220466999
170.638966469275
174.992447329232
181.846774746906
187.0760275898
191.059399080738
196.824988806856
203.826382142802
211.227212690348
217.698218337039
222.548221794143
226.760563158916
233.506875107585
240.978643634527
253.15206391506
254.033876362914
258.773023354092
266.735626208205
266.992017303973
267.242335287725
271.716705117715
275.483316293369
278.176729262967
283.174098451907
282.831072999732
277.368236923171
276.681453219773
276.763273975122
280.637360868967
281.401038103762
286.452234238946
288.107925240536
294.101427673615
302.050208221739
301.873969172613
300.34220718835
300.347088280997
298.912688399351
297.645907512752
306.113482648982
312.682050764991
310.462329477132
308.063828430917
307.359774961038
307.490232419826
307.830693569597
306.850447909399
315.881371764874
324.983506941705
328.780775833938
332.229207744751
332.87694028582
335.675491557752
331.815181027832
336.721400806008
341.413877627632
344.406480053102
345.911382430485
347.065250727853
347.330940424364
348.701749150791
351.7511469705
353.300352133602
354.4164919853
346.946373138905
354.753124858556
360.682290885383
363.489901328911
363.261633350691
363.043604231601
353.290389621648
343.492868977777
333.65104229999
323.764909588285
313.834470842663
300.015274982904
286.21364578948
272.429583262391
258.663087401638
244.914158207219
236.363290918804
227.788259552997
219.189064109798
210.565704589208
201.918180991227
197.012009493959
192.093298830185
187.162048999905
182.218260003118
177.261931839826
174.047000997365
170.8305450693
167.61256405563
164.393057956355
161.172026771475
159.082666702155
156.993306632834
154.903946563513
152.814586494193
150.725226424872
148.204839621455
145.684452818038
143.164066014622
140.643679211205
138.123292407788
135.621667842835
133.120043277882
130.618418712928
128.116794147975
125.615169583022
123.113545018069
120.611920453116
118.110295888162
115.608671323209
113.107046758256
112.493712865369
111.880378972482
111.267045079595
110.653711186708
110.040377293821
109.427043400934
108.813709508047
108.20037561516
107.587041722273
106.973707829386
106.259403736395
105.545099643403
104.830795550412
104.116491457421
103.40218736443
102.687883271439
101.973579178447
101.259275085456
100.544970992465
99.8306668994738
99.1785168523108
98.5263668051477
97.8742167579846
97.2220667108215
96.5699166636585
95.9177666164954
95.2656165693323
94.6134665221692
93.9613164750062
93.3091664278431
93.3091664278431
93.3091664278431
93.3091664278431
93.3091664278431
93.3091664278431
93.3091664278431
93.3091664278431
93.3091664278431
93.3091664278431
93.3091664278431
93.3091664278431
93.3091664278431
93.3091664278431
93.3091664278431
93.3091664278431
93.3091664278431
93.3091664278431
93.3091664278431
93.3091664278431
93.3091664278431
93.3091664278431
93.3091664278431
93.3091664278431
93.3091664278431
93.3091664278431
93.3091664278431
93.3091664278431
93.3091664278431
93.3091664278431
93.3091664278431
93.3091664278431
93.3091664278431
93.3091664278431
93.3091664278431
93.3091664278431
93.3091664278431
93.3091664278431
93.3091664278431
93.3091664278431
93.3091664278431
93.3091664278431
93.3091664278431
93.3091664278431
93.3091664278431
93.3091664278431
93.3091664278431
93.3091664278431
93.3091664278431
93.3091664278431
93.3091664278431
93.3091664278431
93.3091664278431
93.3091664278431
93.3091664278431
93.3091664278431
93.3091664278431
93.3091664278431
93.3091664278431
93.3091664278431
93.3091664278431
93.3091664278431
93.3091664278431
93.3091664278431
93.3091664278431
93.3091664278431
93.3091664278431
93.3091664278431
93.3091664278431
93.3091664278431
93.3091664278431
93.3091664278431
93.3091664278431
93.3091664278431
93.3091664278431
93.3091664278431
93.3091664278431
93.3091664278431
93.3091664278431
93.3091664278431
93.3091664278431
93.3091664278431
93.3091664278431
93.3091664278431
93.3091664278431
93.3091664278431
93.3091664278431
93.3091664278431
93.3091664278431
93.3091664278431
93.3091664278431
93.3091664278431
93.3091664278431
93.3091664278431
93.3091664278431
93.3091664278431
93.3091664278431
93.3091664278431
93.3091664278431
93.3091664278431
93.3091664278431
93.3091664278431
93.3091664278431
93.3091664278431
93.3091664278431
93.3091664278431
93.3091664278431
93.3091664278431
93.3091664278431
93.3091664278431
93.3091664278431
93.3091664278431
93.3091664278431
93.3091664278431
93.3091664278431
93.3091664278431
93.3091664278431
93.3091664278431
93.3091664278431
93.3091664278431
93.3091664278431
93.3091664278431
93.3091664278431
93.3091664278431
93.3091664278431
93.3091664278431
93.3091664278431
93.3091664278431
93.3091664278431
93.3091664278431
93.3091664278431
93.3091664278431
93.3091664278431
93.3091664278431
93.3091664278431
93.3091664278431
93.3091664278431
93.3091664278431
93.3091664278431
93.3091664278431
93.3091664278431
93.3091664278431
93.3091664278431
93.3091664278431
93.3091664278431
93.3091664278431
93.3091664278431
93.3091664278431
93.3091664278431
93.3091664278431
93.3091664278431
93.3091664278431
93.3091664278431
93.3091664278431
93.3091664278431
93.3091664278431
93.3091664278431
93.3091664278431
93.3091664278431
93.3091664278431
93.3091664278431
93.3091664278431
93.3091664278431
93.3091664278431
93.3091664278431
93.3091664278431
93.3091664278431
93.3091664278431
93.3091664278431
93.3091664278431
93.3091664278431
93.3091664278431
93.3091664278431
93.3091664278431
93.3091664278431
93.3091664278431
93.3091664278431
93.3091664278431
93.3091664278431
93.3091664278431
93.3091664278431
93.3091664278431
93.3091664278431
93.3091664278431
93.3091664278431
93.3091664278431
93.3091664278431
93.3091664278431
93.3091664278431
93.3091664278431
93.3091664278431
93.3091664278431
93.3091664278431
93.3091664278431
93.3091664278431
93.3091664278431
93.3091664278431
93.3091664278431
93.3091664278431
93.3091664278431
93.3091664278431
93.3091664278431
93.3091664278431
93.3091664278431
93.3091664278431
93.3091664278431
93.3091664278431
93.3091664278431
93.3091664278431
93.3091664278431
93.3091664278431
93.3091664278431
93.3091664278431
93.3091664278431
93.3091664278431
93.3091664278431
93.3091664278431
93.3091664278431
93.3091664278431
93.3091664278431
93.3091664278431
93.3091664278431
93.3091664278431
93.3091664278431
93.3091664278431
93.3091664278431
93.3091664278431
93.3091664278431
93.3091664278431
93.3091664278431
93.3091664278431
93.3091664278431
93.3091664278431
93.3091664278431
93.3091664278431
93.3091664278431
93.3091664278431
93.3091664278431
93.3091664278431
93.3091664278431
93.3091664278431
93.3091664278431
93.3091664278431
93.3091664278431
93.3091664278431
93.3091664278431
93.3091664278431
93.3091664278431
93.3091664278431
93.3091664278431
93.3091664278431
93.3091664278431
93.3091664278431
93.3091664278431
93.3091664278431
93.3091664278431
93.3091664278431
93.3091664278431
93.3091664278431
93.3091664278431
93.3091664278431
93.3091664278431
93.3091664278431
93.3091664278431
93.3091664278431
93.3091664278431
93.3091664278431
93.3091664278431
93.3091664278431
93.3091664278431
93.3091664278431
93.3091664278431
93.3091664278431
93.3091664278431
93.3091664278431
93.3091664278431
93.3091664278431
93.3091664278431
93.3091664278431
93.3091664278431
93.3091664278431
93.3091664278431
93.3091664278431
93.3091664278431
93.3091664278431
93.3091664278431
93.3091664278431
93.3091664278431
93.3091664278431
93.3091664278431
93.3091664278431
93.3091664278431
93.3091664278431
93.3091664278431
93.3091664278431
93.3091664278431
93.3091664278431
93.3091664278431
93.3091664278431
93.3091664278431
93.3091664278431
93.3091664278431
93.3091664278431
93.3091664278431
93.3091664278431
93.3091664278431
93.3091664278431
93.3091664278431
93.3091664278431
93.3091664278431
93.3091664278431
93.3091664278431
93.3091664278431
93.3091664278431
93.3091664278431
93.3091664278431
93.3091664278431
93.3091664278431
93.3091664278431
93.3091664278431
93.3091664278431
93.3091664278431
93.3091664278431
93.3091664278431
93.3091664278431
93.3091664278431
93.3091664278431
93.3091664278431
93.3091664278431
93.3091664278431
93.3091664278431
93.3091664278431
93.3091664278431
93.3091664278431
93.3091664278431
93.3091664278431
93.3091664278431
93.3091664278431
93.3091664278431
93.3091664278431
93.3091664278431
93.3091664278431
93.3091664278431
93.3091664278431
93.3091664278431
93.3091664278431
93.3091664278431
93.3091664278431
93.3091664278431
93.3091664278431
93.3091664278431
93.3091664278431
93.3091664278431
93.3091664278431
93.3091664278431
93.3091664278431
93.3091664278431
93.3091664278431
93.3091664278431
93.3091664278431
93.3091664278431
93.3091664278431
93.3091664278431
93.3091664278431
93.3091664278431
93.3091664278431
93.3091664278431
93.3091664278431
93.3091664278431
93.3091664278431
93.3091664278431
93.3091664278431
93.3091664278431
93.3091664278431
93.3091664278431
93.3091664278431
93.3091664278431
93.3091664278431
93.3091664278431
93.3091664278431
93.3091664278431
93.3091664278431
93.3091664278431
93.3091664278431
93.3091664278431
93.3091664278431
93.3091664278431
93.3091664278431
93.3091664278431
93.3091664278431
93.3091664278431
93.3091664278431
93.3091664278431
93.3091664278431
93.3091664278431
93.3091664278431
93.3091664278431
93.3091664278431
93.3091664278431
93.3091664278431
93.3091664278431
0
0
0
0
0
0
0
0
0
0
0
0
0
0
0
0
0
0
0
0
0
0
0
0
0
0
0
0
0
0
0
0
0
0
0
0
0
0
0
0
0
0
0
0
0
0
0
0
0
0
0
0
0
0
0
0
0
0
0
0
0
0
0
0
0
0
0
0
0
0
0
0
0
0
0
0
0
0
0
0
0
0
0
0
0
0
0
0
0
0
0
0
0
0
0
0
0
0
0
0
0
0
0
0
0
0
0
0
0
0
0
0
0
0
0
0
0
0
0
0
0
0
0
0
0
0
0
0
0
0
0
0
0
0
0
0
0
0
0
0
0
0
0
0
0
0
0
0
0
0
0
0
0
0
0
0
0
0
0
0
0
0
0
0
0
0
0
0
0
0
0
0
0
0
0
0
0
0
0
0
0
0
0
0
0
0
0
0
0
0
0
0
0
0
0
0
0
0
0
0
0
0
0
0
0
0
0
0
0
0
0
0
0
0
0
0
0
0
0
0
0
0
0
0
0
0
0
0
0
0
0
0
0
0
0
0
0
0
0
0
0
0
0
0
0
0
0
0
0
0
0
0
0
0
0
0
0
0
0
0
0
0
0
0
0
0
0
0
0
0
0
0
0
0
0
0
0
0
0
0
0
0
0
0
0
0
0
0
0
0
0
0
0
0
0
0
0
0
0
0
0
0
0
0
0
0
0
0
0
0
0
0
0
0
0
0
0
0
0
0
0
0
0
0
0
0
0
0
0
0
0
0
0
0
0
0
0
0
0
0
0
0
0
0
0
0
0
0
0
0
0
0
0
0
0
0
0
0
0
0
0
0
0
0
0
0
0
0
0
0
0
0
0
0
0
0
0
0
0
0
0
0
0
0
0
0
0
0
0
0
0
0
0
0
0
0
0
0
0
0
0
0
0
0
0
0
0
0
0
0
0
0
0
0
0
0
0
0
0
0
0
0
0
0
0
0
0
0
0
0
0
0
0
0
0
0
0
0
0
0
0
0
0
0
0
0
0
0
0
0
0
0
0
0
0
0
0
0
0
0
0
0
0
0
0
0
0
0
0
0
0
0
0
0
0
0
0
0
0
0
0
0
0
0
0
0
0
0
0
0
0
0
0
0
0
0
0
0
0
0
0
0
0
0
0
0
0
0
0
0
0
0
0
0
0
0
0
0
0
0
0
0
0
0
0
0
0
0
0
0
0
0
0
0
0
0
0
0
0
0
0
0
0
0
0
0
0
0
0
0
0
0
0
0
0
0
0
0
0
0
0
0
0
0
0
0
0
0
0
0
0
0
0
0
0
0
0
0
0
0
0
0
0
0
0
0
0
0
0
0
0
0
0
0
0
0
0
0
0
0
0
0
0
0
0
0
0
0
0
0
0
0
0
0
0
0
0
0
0
0
0
0
0
0
0
0
0
0
0
0
0
0
0
0
0
0
0
0
0
0
0
0
0
0
0
0
0
0
0
0
0
0
0
0
0
0
0
0
0
0
0
0
0
0
0
0
0
0
0
0
0
0
0
0
0
0
0
0
0
0
0
0
0
0
0
0
0
0
0
0
0
0
0
0
0
0
0
0
0
0
0
0
0
0
0
0
0
0
0
0
0
0
0
0
0
0
0
0
0
0
0
0
0
0
0
0
0
0
0
0
0
0
0
0
0
0
0
0
0
0
0
0
0
0
0
0
0
0
0
0
0
