0 
0.41 
0.82 
1.23 
1.64 
2.05 
2.46 
2.87 
3.28 
3.69 
4.1 
4.51 
4.92 
5.33 
5.74 
6.15 
6.56 
6.97 
7.38 
7.79 
8.2 
8.61 
9.02 
9.43 
9.84 
10.25 
10.66 
11.07 
11.48 
11.89 
12.3 
12.71 
13.12 
13.53 
13.94 
14.35 
14.76 
15.17 
15.58 
15.99 
16.4 
16.81 
17.22 
17.63 
18.04 
18.45 
18.86 
19.27 
19.68 
20.09 
20.5 
20.91 
21.32 
21.73 
22.14 
22.55 
22.96 
23.37 
23.78 
24.19 
24.6 
25.01 
25.42 
25.83 
26.24 
26.65 
27.06 
27.47 
27.88 
28.29 
28.7 
29.11 
29.52 
29.93 
30.34 
30.75 
31.16 
31.57 
31.98 
32.39 
32.8 
33.21 
33.62 
34.03 
34.44 
34.85 
35.26 
35.67 
36.08 
36.49 
36.9 
37.31 
37.72 
38.13 
38.54 
39.3 
40 
40.4 
41 
41.6 
42.2 
42.7 
43.3 
43.6 
44.1 
44.6 
45.5 
46.3 
47 
47.2 
47.8 
48.5 
49.3 
50 
50.9 
52 
53.7 
55 
56.2 
57 
57.7 
58.5 
59.6 
60.9 
61.7 
62.9 
64 
64.8 
65.3 
66.4 
67.6 
68.6 
69.8 
71.1 
72.8 
74.2 
76.5 
77.8 
79.9 
81 
82.6 
84.5 
86.9 
86.8 
88.2 
89.7 
89.5 
90.8 
92.3 
90.8 
91.1 
93.2 
95 
95.4 
93.8 
97.3 
96.1 
98.5 
101.9 
102.7 
103.8 
104.7 
107.5 
108.2 
110.2 
108.9 
107.7 
106.5 
108.1 
110.6 
112 
115.4 
117.8 
117.2 
119.5 
121.6 
123.3 
124.1 
125.4 
125.8 
123.4 
126.8 
131.1 
134 
134.1 
137.5 
146.1 
149.9 
152.6 
155.3 
161.3 
165.7 
170.4 
174.2 
176.7 
181.1 
186.3 
190.7 
196.3 
202.1 
207.4 
212.6 
217 
222.9 
229.6 
235.8 
237.5 
242.2 
250.6 
252.9 
254.3 
264.5 
267.8 
272.9 
277.5 
278.9 
279.3 
283.9 
286.5 
292.1 
299.6 
304.3 
309.4 
315.3 
317.8 
322.3 
326.5 
327.4 
327.2 
331 
331.1 
331.2 
331.3 
331.4 
331.5 
331.6 
329.34 
327.08 
324.82 
322.56 
320.3 
318.04 
315.78 
313.52 
311.26 
309 
311.8 
314.6 
317.4 
320.2 
323 
325.8 
328.6 
331.4 
334.2 
337 
337.8 
338.6 
339.4 
340.2 
341 
341.8 
342.6 
343.4 
344.2 
345 
344.6 
344.2 
343.8 
343.4 
343 
342.6 
342.2 
341.8 
341.4 
341 
338.8 
336.6 
334.4 
332.2 
330 
327.8 
325.6 
323.4 
321.2 
319 
317.3 
315.6 
313.9 
312.2 
310.5 
308.8 
307.1 
305.4 
303.7 
302 
300.2 
298.4 
296.6 
294.8 
293 
291.2 
289.4 
287.6 
285.8 
284 
280.9 
277.8 
274.7 
271.6 
268.5 
265.4 
262.3 
259.2 
256.1 
253 
250.3 
247.6 
244.9 
242.2 
239.5 
236.8 
234.1 
231.4 
228.7 
226 
223 
220 
217 
214 
211 
208 
205 
202 
199 
196 

