3
3
3
3
3
3
4
4
4
4
4
4
4
4
4
4
5
5
5
5
5
5
5
5
5
5
6
6
6
6
6
6
7
7
7
8
8
10
9
9
9
10
10
10
10
10
11
11
11
11
12
13
14
14
14
14
14
15
16
16
17
17
18
18
18
24
23
23
24
24
25
29
29
30
31
33
34
36
37
39
43
43
46
47
50
54
54
57
59
69
71
76
77
78
83
91
95
97
104
112
119
122
130
135
142
147
156
173
184
174
188
191
194
196
210
236
243
256
272
275
277
281
295
327
327
356
372
374
370
383
406
419
440
465
507
534
552
566
617
624
663
707
784
750
785
819
836
879
943
850
838
901
955
936
806
932
803
845
970
963
975
983
1062
1065
1145
1053
940
847
893
973
1027
1130
1209
1142
1192
1299
1334
1342
1391
1383
1160
1238
1392
1469
1419
1630
1767
1795
1841
1865
2043
2177
2270
2330
2462
2577
2594
2700
2847
3008
3145
3305
3411
3589
3801
4076
4231
4399
4635
4644
4615
4884
5035
5107
5403
5348
5186
5144
5126
5308
5464
5629
5762
5992
6106
6196
6312
6187
6203
6344
6487
6649
6840
6788
6804
6981
7116
7167
7509
7910
7810
7810
7810
7810
7810
7600
7400
7150
6850
6500
6150
5850
5600
5350
5100
4910
4799
4688
4577
4466
4355
4244
4133
4022
3911
3800
3720
3640
3560
3480
3400
3320
3240
3160
3080
3000
2946
2892
2838
2784
2730
2676
2622
2568
2514
2460
2420
2380
2340
2300
2260
2220
2180
2140
2100
2060
2029
1998
1967
1936
1905
1874
1843
1812
1781
1750
1730
1710
1690
1670
1650
1630
1610
1590
1570
1550
1535
1520
1505
1490
1475
1460
1445
1430
1415
1400
1390
1380
1370
1360
1350
1340
1330
1320
1310
1300

