0
5.9
11.8
17.7
23.6
29.5
35.4
41.3
47.2
53.1
59
64.9
70.8
76.7
82.6
88.5
94.4
100.3
106.2
112.1
118
123.9
129.8
135.7
141.6
147.5
153.4
159.3
165.2
171.1
177
182.9
188.8
194.7
200.6
206.5
212.4
218.3
224.2
230.1
236
241.9
247.8
253.7
259.6
265.5
271.4
277.3
283.2
289.1
295
300.9
306.8
312.7
318.6
324.5
330.4
336.3
342.2
348.1
354
359.9
365.8
371.7
377.6
383.5
389.4
395.3
401.2
407.1
413
418.9
424.8
430.7
436.6
442.5
448.4
454.3
460.2
466.1
472
477.9
483.8
489.7
495.6
502.8
495.13
550.54
548.51
546.07
543.15
548.33
553.61
558.78
563.97
569.12
580.92
522.23
522.15
522.27
522.52
522.44
520.59
518.56
516.57
514.95
534.81
620.66
630.37
635.86
642.12
649
654.59
660.07
665.36
670.83
704.72
657.03
659.83
661.4
662.68
663.61
662.1
659.84
658.4
656.87
653.39
667.26
668.62
686.45
690.52
692.44
695.61
696.8
697.97
696.73
759.7
759.92
784.73
806.16
826.46
851.99
855.76
859.85
862.12
863.05
810.27
772.72
741.46
728.6
711.65
708.4
705.13
703.46
707.13
706.72
754.67
745.21
751.36
755.56
757.02
760.69
799.1
801.01
800.07
802.74
818.96
816.79
813.04
799.51
795.48
802.4
778.14
779.57
775.58
760.68
759.17
783.28
781.03
789.29
793.78
877.19
898.78
914.9
922.85
935.47
1142.0838
1188.6028
1175.446
1214.1312
1246.4665
1287.4334
1297.6848
1306.7588
1201.0271
1171.422
1254.2325
1267.5736
1271.336
1279.2828
1282.045
1299.531
1286.8212
1283.7776
1277.437
1245.1239
1135.712
1094.6319
1106.4612
1094.8476
1086.5872
1180.2
1191.5332
1178.2638
1174.3416
1141.3818
1197.308
1345.897
1387.988
1426.817
1446.48
1478.085
1492.442
1505.518
1507.261
1575.4057
1734.1953
1635.0394
1623.2937
1607.6279
1582.1874
1559.5574
1541.3731
1523.1085
1508.3625
1519.13
1479.217
1439.304
1399.391
1359.478
1319.565
1279.652
1239.739
1199.826
1159.913
1120
1133
1146
1159
1172
1185
1198
1211
1224
1237
1250
1244
1238
1232
1226
1220
1214
1208
1202
1196
1190
1177
1164
1151
1138
1125
1112
1099
1086
1073
1060
1047
1034
1021
1008
995
982
969
956
943
930
904
878
852
826
800
774
748
722
696
670
643
616
589
562
535
508
481
454
427
400
385
370
355
340
325
310
295
280
265
250
246
242
238
234
230
226
222
218
214
210
207
204
201
198
195
192
189
186
183
180

